  0.100000D+21
  0.100000D+21
  0.100000D+21
  0.100000D+21
  0.100000D+21
  0.100000D+21
  0.100000D+21
  0.100000D+21
  0.100000D+21
  0.100000D+21
  0.100000D+21
  0.100000D+21
  0.794497D+00
  0.731660D+00
  0.682230D+00
  0.643347D+00
  0.841534D+00
  0.793810D+00
  0.811978D+00
  0.745411D+00
  0.693047D+00
  0.651856D+00
  0.619454D+00
  0.593966D+00
  0.573916D+00
  0.558145D+00
  0.545738D+00
  0.535979D+00
  0.528302D+00
  0.522263D+00
  0.517513D+00
  0.513776D+00
  0.510837D+00
  0.508524D+00
  0.846660D+00
  0.813607D+00
  0.746692D+00
  0.850000D+00
  0.831015D+00
  0.850000D+00
  0.831448D+00
  0.773534D+00
  0.715170D+00
  0.669258D+00
  0.721055D+00
  0.673888D+00
  0.755756D+00
  0.701185D+00
  0.766082D+00
  0.742501D+00
  0.690758D+00
  0.650056D+00
  0.811212D+00
  0.744808D+00
  0.692573D+00
  0.651483D+00
  0.619161D+00
  0.593735D+00
  0.573735D+00
  0.721122D+00
  0.834599D+00
  0.763205D+00
  0.810983D+00
  0.817265D+00
  0.749569D+00
  0.696318D+00
  0.666881D+00
  0.658881D+00
  0.650881D+00
  0.642881D+00
  0.634881D+00
  0.626881D+00
  0.616572D+00
  0.637019D+00
  0.613677D+00
  0.593816D+00
  0.654029D+00
  0.850000D+00
  0.781389D+00
  0.721348D+00
  0.691101D+00
  0.669986D+00
  0.633716D+00
  0.605185D+00
  0.582741D+00
  0.565086D+00
  0.551199D+00
  0.540274D+00
  0.621018D+00
  0.680534D+00
  0.642013D+00
  0.671207D+00
  0.645184D+00
  0.614206D+00
  0.589837D+00
  0.843689D+00
  0.808874D+00
  0.782963D+00
  0.836073D+00
  0.828073D+00
  0.820073D+00
  0.812073D+00
  0.804073D+00
  0.796073D+00
  0.850000D+00
  0.844167D+00
  0.834154D+00
  0.762855D+00
  0.742981D+00
  0.724544D+00
  0.712802D+00
  0.687279D+00
  0.647319D+00
  0.632054D+00
  0.850000D+00
  0.820453D+00
  0.758943D+00
  0.786853D+00
  0.846333D+00
  0.847143D+00
  0.850000D+00
  0.849500D+00
  0.848500D+00
  0.840500D+00
  0.844500D+00
  0.850000D+00
  0.850000D+00
  0.850000D+00
  0.847500D+00
  0.839500D+00
  0.831500D+00
  0.823500D+00
  0.815500D+00
  0.807500D+00
  0.799500D+00
  0.791500D+00
  0.783500D+00
  0.775500D+00
  0.770650D+00
  0.762650D+00
  0.754650D+00
  0.746650D+00
  0.738650D+00
  0.730650D+00
  0.715742D+00
  0.698694D+00
  0.676942D+00
  0.650826D+00
  0.618644D+00
  0.593329D+00
  0.573415D+00
  0.557750D+00
  0.822262D+00
  0.801792D+00
  0.737398D+00
  0.686744D+00
  0.850000D+00
  0.790886D+00
  0.728819D+00
  0.679996D+00
  0.641590D+00
  0.611378D+00
  0.847143D+00
  0.775778D+00
  0.716935D+00
  0.670647D+00
  0.644777D+00
  0.622340D+00
  0.597791D+00
  0.576925D+00
  0.560511D+00
  0.547600D+00
  0.537443D+00
  0.529454D+00
  0.523169D+00
  0.518226D+00
  0.514337D+00
  0.511278D+00
  0.508871D+00
  0.506978D+00
  0.505489D+00
  0.504318D+00
  0.503397D+00
  0.850000D+00
  0.847143D+00
  0.773072D+00
  0.726481D+00
  0.804439D+00
  0.785572D+00
  0.777572D+00
  0.849833D+00
  0.850000D+00
  0.797929D+00
  0.744027D+00
  0.691959D+00
  0.651000D+00
  0.618781D+00
  0.593436D+00
  0.573500D+00
  0.557817D+00
  0.545480D+00
  0.535776D+00
  0.528142D+00
  0.522138D+00
  0.517414D+00
  0.513698D+00
  0.510776D+00
  0.508476D+00
  0.506668D+00
  0.505245D+00
  0.504126D+00
  0.503246D+00
  0.502553D+00
  0.502008D+00
  0.501580D+00
  0.501243D+00
  0.500978D+00
  0.500769D+00
  0.500605D+00
  0.500476D+00
  0.500374D+00
  0.500294D+00
  0.500232D+00
  0.100000D+21
  0.850000D+00
  0.835246D+00
  0.763714D+00
  0.707445D+00
  0.663182D+00
  0.628363D+00
  0.600974D+00
  0.579429D+00
  0.562481D+00
  0.549149D+00
  0.538662D+00
  0.530413D+00
  0.523924D+00
  0.518819D+00
  0.100000D+21
  0.100000D+21
  0.100000D+21
  0.100000D+21
  0.100000D+21
