  0.951583D-02
  0.951583D-02
  0.951583D-02
  0.951583D-02
  0.951583D-02
  0.951583D-02
  0.951583D-02
  0.951583D-02
  0.951583D-02
  0.951583D-02
  0.951583D-02
  0.951583D-02
  0.951518D-02
  0.951533D-02
  0.951549D-02
  0.951564D-02
  0.933093D-02
  0.932231D-02
  0.920993D-02
  0.923126D-02
  0.924880D-02
  0.927627D-02
  0.930611D-02
  0.932993D-02
  0.935283D-02
  0.938926D-02
  0.968019D-02
  0.945752D-02
  0.947708D-02
  0.949319D-02
  0.950358D-02
  0.950950D-02
  0.951241D-02
  0.951398D-02
  0.925905D-02
  0.918339D-02
  0.920532D-02
  0.908796D-02
  0.907385D-02
  0.900604D-02
  0.902611D-02
  0.904299D-02
  0.905736D-02
  0.907077D-02
  0.907300D-02
  0.908512D-02
  0.907627D-02
  0.908688D-02
  0.292887D-01
  0.908421D-02
  0.909546D-02
  0.911232D-02
  0.909364D-02
  0.910631D-02
  0.911652D-02
  0.162852D-01
  0.914615D-02
  0.916332D-02
  0.918170D-02
  0.916459D-02
  0.913725D-02
  0.914901D-02
  0.412584D-01
  0.385257D-01
  0.443123D-01
  0.358674D-01
  0.417723D-01
  0.480861D-01
  0.364969D-01
  0.911192D-02
  0.911337D-02
  0.911458D-02
  0.911559D-02
  0.911198D-02
  0.911508D-02
  0.911636D-02
  0.140084D-01
  0.371193D-01
  0.416426D-01
  0.904747D-02
  0.905321D-02
  0.905613D-02
  0.906326D-02
  0.907898D-02
  0.909583D-02
  0.910952D-02
  0.912108D-02
  0.913495D-02
  0.137722D-01
  0.913568D-02
  0.915413D-02
  0.268761D-01
  0.917130D-02
  0.952732D-02
  0.133789D-01
  0.255332D-01
  0.624529D-01
  0.378006D-01
  0.487270D-01
  0.913642D-02
  0.913951D-02
  0.515785D-01
  0.561473D-01
  0.914513D-02
  0.471579D-01
  0.912404D-02
  0.912621D-02
  0.912940D-02
  0.913108D-02
  0.913233D-02
  0.913309D-02
  0.913412D-02
  0.913606D-02
  0.236523D-01
  0.449521D-01
  0.460280D-01
  0.897663D-02
  0.898409D-02
  0.898107D-02
  0.166431D-01
  0.198331D-01
  0.574354D-01
  0.479913D-01
  0.879665D-02
  0.987616D-02
  0.196504D-01
  0.268010D-01
  0.368524D-01
  0.246923D-01
  0.853568D-02
  0.855895D-02
  0.366118D-01
  0.858950D-02
  0.418100D-01
  0.860722D-02
  0.861332D-02
  0.861804D-02
  0.313955D-01
  0.373063D-01
  0.862680D-02
  0.862885D-02
  0.863075D-02
  0.863246D-02
  0.863396D-02
  0.863541D-02
  0.863698D-02
  0.863890D-02
  0.864287D-02
  0.865036D-02
  0.865648D-02
  0.866493D-02
  0.867625D-02
  0.865998D-02
  0.863999D-02
  0.865124D-02
  0.866765D-02
  0.864531D-02
  0.865701D-02
  0.866965D-02
  0.868368D-02
  0.870209D-02
  0.872550D-02
  0.870269D-02
  0.872193D-02
  0.873402D-02
  0.874117D-02
  0.874543D-02
  0.875070D-02
  0.875695D-02
  0.876485D-02
  0.877495D-02
  0.878576D-02
  0.879634D-02
  0.880819D-02
  0.882284D-02
  0.883960D-02
  0.885773D-02
  0.887718D-02
  0.889847D-02
  0.892130D-02
  0.894551D-02
  0.896575D-02
  0.898484D-02
  0.248798D-01
  0.252614D-01
  0.889599D-02
  0.890929D-02
  0.597185D-01
  0.890788D-02
  0.103331D-01
  0.464841D-01
  0.609936D-01
  0.885066D-02
  0.886028D-02
  0.887624D-02
  0.889804D-02
  0.892347D-02
  0.895089D-02
  0.897861D-02
  0.900356D-02
  0.902316D-02
  0.904337D-02
  0.906008D-02
  0.907918D-02
  0.909881D-02
  0.912220D-02
  0.915267D-02
  0.918540D-02
  0.921619D-02
  0.925061D-02
  0.929585D-02
  0.934621D-02
  0.938728D-02
  0.125880D-01
  0.945672D-02
  0.948115D-02
  0.950043D-02
  0.951027D-02
  0.951386D-02
  0.951518D-02
  0.951558D-02
  0.951572D-02
  0.951578D-02
  0.951583D-02
  0.226614D-01
  0.935641D-02
  0.937646D-02
  0.940253D-02
  0.943264D-02
  0.946374D-02
  0.949101D-02
  0.109640D-01
  0.950744D-02
  0.951040D-02
  0.951351D-02
  0.951514D-02
  0.345083D-01
  0.368955D-01
  0.249554D-01
  0.951583D-02
  0.951583D-02
  0.951583D-02
  0.951583D-02
