  0.234018D-02
  0.234018D-02
  0.234018D-02
  0.234018D-02
  0.234018D-02
  0.234018D-02
  0.234018D-02
  0.234018D-02
  0.234018D-02
  0.234018D-02
  0.234018D-02
  0.234018D-02
  0.234003D-02
  0.234007D-02
  0.234010D-02
  0.234014D-02
  0.229680D-02
  0.229478D-02
  0.226842D-02
  0.227342D-02
  0.227753D-02
  0.228398D-02
  0.229098D-02
  0.229657D-02
  0.230194D-02
  0.231049D-02
  0.246414D-02
  0.232650D-02
  0.233109D-02
  0.233487D-02
  0.233731D-02
  0.233870D-02
  0.233938D-02
  0.233975D-02
  0.227994D-02
  0.226219D-02
  0.226733D-02
  0.223980D-02
  0.223649D-02
  0.222058D-02
  0.222529D-02
  0.222925D-02
  0.223262D-02
  0.223577D-02
  0.223629D-02
  0.223913D-02
  0.223706D-02
  0.223954D-02
  0.148355D-01
  0.223892D-02
  0.224156D-02
  0.224551D-02
  0.224113D-02
  0.224410D-02
  0.224650D-02
  0.722358D-02
  0.225345D-02
  0.225748D-02
  0.226179D-02
  0.225778D-02
  0.225136D-02
  0.225412D-02
  0.192350D-01
  0.182247D-01
  0.203154D-01
  0.172722D-01
  0.194111D-01
  0.216788D-01
  0.175069D-01
  0.224542D-02
  0.224576D-02
  0.224604D-02
  0.224628D-02
  0.224543D-02
  0.224616D-02
  0.224646D-02
  0.551140D-02
  0.176842D-01
  0.193191D-01
  0.223030D-02
  0.223165D-02
  0.223233D-02
  0.223400D-02
  0.223769D-02
  0.224165D-02
  0.224486D-02
  0.224757D-02
  0.225082D-02
  0.532069D-02
  0.225100D-02
  0.225532D-02
  0.139429D-01
  0.225935D-02
  0.245742D-02
  0.499523D-02
  0.133997D-01
  0.268235D-01
  0.179964D-01
  0.219271D-01
  0.225117D-02
  0.225189D-02
  0.229552D-01
  0.245890D-01
  0.225321D-02
  0.213590D-01
  0.224826D-02
  0.224877D-02
  0.224952D-02
  0.224992D-02
  0.225021D-02
  0.225039D-02
  0.225063D-02
  0.225109D-02
  0.126137D-01
  0.205130D-01
  0.208308D-01
  0.221368D-02
  0.221543D-02
  0.221472D-02
  0.760235D-02
  0.101933D-01
  0.247069D-01
  0.213837D-01
  0.217145D-02
  0.281208D-02
  0.101801D-01
  0.136916D-01
  0.172747D-01
  0.128575D-01
  0.211021D-02
  0.211567D-02
  0.172262D-01
  0.212284D-02
  0.190753D-01
  0.212700D-02
  0.212843D-02
  0.212954D-02
  0.153896D-01
  0.175026D-01
  0.213159D-02
  0.213207D-02
  0.213252D-02
  0.213292D-02
  0.213327D-02
  0.213361D-02
  0.213398D-02
  0.213443D-02
  0.213536D-02
  0.213712D-02
  0.213856D-02
  0.214054D-02
  0.214320D-02
  0.213938D-02
  0.213469D-02
  0.213733D-02
  0.214118D-02
  0.213594D-02
  0.213868D-02
  0.214165D-02
  0.214494D-02
  0.214926D-02
  0.215475D-02
  0.214940D-02
  0.215391D-02
  0.215675D-02
  0.215843D-02
  0.215943D-02
  0.216066D-02
  0.216213D-02
  0.216399D-02
  0.216636D-02
  0.216889D-02
  0.217137D-02
  0.217415D-02
  0.217759D-02
  0.218153D-02
  0.218578D-02
  0.219034D-02
  0.219534D-02
  0.220070D-02
  0.220638D-02
  0.221112D-02
  0.221560D-02
  0.130648D-01
  0.132119D-01
  0.219476D-02
  0.219788D-02
  0.256341D-01
  0.219755D-02
  0.305580D-02
  0.209247D-01
  0.260196D-01
  0.218412D-02
  0.218638D-02
  0.219012D-02
  0.219524D-02
  0.220120D-02
  0.220764D-02
  0.221414D-02
  0.222000D-02
  0.222459D-02
  0.222934D-02
  0.223326D-02
  0.223774D-02
  0.224234D-02
  0.224783D-02
  0.225498D-02
  0.226266D-02
  0.226988D-02
  0.227796D-02
  0.228857D-02
  0.230039D-02
  0.231002D-02
  0.432737D-02
  0.232631D-02
  0.233205D-02
  0.233657D-02
  0.233888D-02
  0.233972D-02
  0.234003D-02
  0.234012D-02
  0.234016D-02
  0.234017D-02
  0.234018D-02
  0.120857D-01
  0.230278D-02
  0.230749D-02
  0.231360D-02
  0.232067D-02
  0.232796D-02
  0.233436D-02
  0.321504D-02
  0.233821D-02
  0.233891D-02
  0.233964D-02
  0.234002D-02
  0.169929D-01
  0.178804D-01
  0.132600D-01
  0.234018D-02
  0.234018D-02
  0.234018D-02
  0.234018D-02
