  0.000000D+00
  0.000000D+00
  0.000000D+00
  0.000000D+00
  0.000000D+00
  0.320542D-04
  0.320230D-04
  0.290145D-04
  0.256300D-04
  0.224616D-04
  0.212320D-04
  0.236651D-04
  0.263690D-04
  0.334932D-04
  0.313072D-04
  0.277402D-04
  0.511174D-04
  0.495022D-04
  0.472182D-04
  0.449732D-04
  0.449666D-04
  0.431243D-04
  0.518974D-04
  0.492081D-04
  0.542077D-04
  0.512432D-04
  0.472821D-04
  0.452023D-04
  0.418283D-04
  0.384808D-04
  0.355361D-04
  0.327034D-04
  0.649378D-04
  0.820029D-04
  0.850951D-04
  0.809933D-04
  0.761725D-04
  0.731025D-04
  0.687055D-04
  0.839072D-04
  0.864642D-04
  0.957083D-04
  0.901266D-04
  0.848730D-04
  0.852392D-04
  0.829926D-04
  0.107617D-03
  0.101914D-03
  0.979303D-04
  0.929022D-04
  0.878830D-04
  0.842731D-04
  0.832933D-04
  0.792481D-04
  0.753702D-04
  0.774390D-04
  0.771964D-04
  0.743856D-04
  0.719657D-04
  0.731367D-04
  0.701595D-04
  0.664907D-04
  0.640699D-04
  0.605521D-04
  0.571421D-04
  0.538129D-04
  0.505469D-04
  0.473328D-04
  0.442045D-04
  0.412048D-04
  0.384535D-04
  0.357855D-04
  0.334162D-04
  0.314625D-04
  0.297048D-04
  0.281328D-04
  0.407068D-04
  0.454934D-04
  0.430453D-04
  0.407420D-04
  0.384297D-04
  0.456780D-04
  0.536651D-04
  0.538332D-04
  0.537191D-04
  0.524552D-04
  0.508510D-04
  0.493452D-04
  0.617250D-04
  0.617159D-04
  0.599534D-04
  0.671992D-04
  0.645713D-04
  0.699323D-04
  0.674647D-04
  0.696949D-04
  0.659070D-04
  0.616855D-04
  0.572795D-04
  0.530794D-04
  0.492433D-04
  0.454300D-04
  0.418586D-04
  0.384633D-04
  0.356677D-04
  0.335059D-04
  0.311709D-04
  0.292554D-04
  0.269961D-04
  0.250792D-04
  0.230509D-04
  0.214589D-04
  0.202371D-04
  0.191308D-04
  0.180844D-04
  0.170745D-04
  0.159383D-04
  0.148175D-04
  0.149181D-04
  0.187992D-04
  0.174692D-04
  0.161594D-04
  0.147862D-04
  0.133555D-04
  0.122633D-04
  0.114899D-04
  0.107010D-04
  0.986085D-05
  0.908404D-05
  0.838334D-05
  0.784130D-05
  0.729871D-05
  0.667679D-05
  0.605341D-05
  0.546270D-05
  0.490978D-05
  0.435405D-05
  0.384164D-05
  0.335086D-05
  0.289964D-05
  0.243826D-05
  0.204717D-05
  0.136297D-05
  0.522072D-06
  0.000000D+00
  0.000000D+00
  0.000000D+00
  0.000000D+00
  0.000000D+00
  0.000000D+00
  0.000000D+00
  0.950311D-06
  0.749788D-05
  0.917890D-05
  0.964313D-05
  0.111910D-04
  0.189888D-04
  0.203116D-04
  0.204848D-04
  0.204774D-04
  0.213045D-04
  0.239702D-04
  0.302362D-04
  0.315604D-04
  0.311730D-04
  0.297536D-04
  0.279192D-04
  0.253868D-04
  0.235906D-04
  0.220389D-04
  0.209277D-04
  0.205752D-04
  0.201638D-04
  0.197643D-04
  0.200619D-04
  0.209527D-04
  0.220200D-04
  0.234747D-04
  0.264787D-04
  0.286849D-04
  0.309464D-04
  0.370454D-04
  0.368629D-04
  0.449943D-04
  0.435198D-04
  0.417249D-04
  0.398384D-04
  0.385058D-04
  0.361426D-04
  0.337245D-04
  0.316488D-04
  0.298035D-04
  0.279871D-04
  0.272099D-04
  0.255532D-04
  0.249965D-04
  0.254413D-04
  0.266477D-04
  0.285691D-04
  0.289816D-04
  0.298113D-04
  0.287903D-04
  0.397490D-04
  0.417681D-04
  0.419677D-04
  0.401133D-04
  0.392656D-04
  0.519891D-04
  0.508224D-04
  0.471697D-04
  0.447283D-04
  0.511755D-04
  0.473867D-04
  0.459404D-04
  0.537546D-04
  0.464558D-04
  0.399654D-04
  0.345141D-04
  0.286065D-04
  0.244843D-04
  0.278014D-04
  0.266495D-04
  0.260252D-04
  0.273527D-04
  0.414554D-04
  0.413891D-04
  0.378298D-04
  0.323067D-04
  0.307461D-04
  0.276650D-04
  0.358909D-04
  0.450662D-04
  0.497124D-04
  0.576689D-04
  0.501895D-04
  0.414121D-04
  0.392773D-04
  0.374468D-04
  0.357263D-04
  0.333265D-04
  0.315644D-04
  0.292917D-04
  0.234816D-04
