  0.000000D+00
  0.000000D+00
  0.000000D+00
  0.000000D+00
  0.000000D+00
  0.000000D+00
  0.000000D+00
  0.000000D+00
  0.000000D+00
  0.000000D+00
  0.000000D+00
  0.000000D+00
  0.120628D-03
  0.750425D-04
  0.438533D-04
  0.219741D-04
  0.610971D-01
  0.536034D-01
  0.115359D+00
  0.905799D-01
  0.740594D-01
  0.565522D-01
  0.422452D-01
  0.330526D-01
  0.259180D-01
  0.173789D-01
  0.105187D-01
  0.629688D-02
  0.392055D-02
  0.217395D-02
  0.113668D-02
  0.575818D-03
  0.307024D-03
  0.164689D-03
  0.925807D-01
  0.136795D+00
  0.108619D+00
  0.220979D+00
  0.228743D+00
  0.310748D+00
  0.277846D+00
  0.252454D+00
  0.231914D+00
  0.213821D+00
  0.210814D+00
  0.195456D+00
  0.205995D+00
  0.192657D+00
  0.200289D+00
  0.195544D+00
  0.182112D+00
  0.163612D+00
  0.186200D+00
  0.171431D+00
  0.159946D+00
  0.144924D+00
  0.130436D+00
  0.115249D+00
  0.100499D+00
  0.118584D+00
  0.146640D+00
  0.133547D+00
  0.165673D+00
  0.207839D+00
  0.191669D+00
  0.180878D+00
  0.174402D+00
  0.169819D+00
  0.166316D+00
  0.163692D+00
  0.161591D+00
  0.159885D+00
  0.158492D+00
  0.162449D+00
  0.158962D+00
  0.157407D+00
  0.167367D+00
  0.267946D+00
  0.254148D+00
  0.239213D+00
  0.230945D+00
  0.226499D+00
  0.217238D+00
  0.198571D+00
  0.179559D+00
  0.164794D+00
  0.152847D+00
  0.139260D+00
  0.138371D+00
  0.142081D+00
  0.124584D+00
  0.121244D+00
  0.110664D+00
  0.946432D-01
  0.808181D-01
  0.163403D+00
  0.157755D+00
  0.147138D+00
  0.150475D+00
  0.144280D+00
  0.139758D+00
  0.136370D+00
  0.133733D+00
  0.131705D+00
  0.154080D+00
  0.153374D+00
  0.150242D+00
  0.146381D+00
  0.144180D+00
  0.142525D+00
  0.141489D+00
  0.140219D+00
  0.138176D+00
  0.138198D+00
  0.244600D+00
  0.362217D+00
  0.334130D+00
  0.322012D+00
  0.324818D+00
  0.334831D+00
  0.461548D+00
  0.624622D+00
  0.625932D+00
  0.589923D+00
  0.576190D+00
  0.749275D+00
  0.917035D+00
  0.103629D+01
  0.106144D+01
  0.100598D+01
  0.966451D+00
  0.937005D+00
  0.914940D+00
  0.898131D+00
  0.885239D+00
  0.875059D+00
  0.867183D+00
  0.861028D+00
  0.856802D+00
  0.852615D+00
  0.849215D+00
  0.846072D+00
  0.843256D+00
  0.840789D+00
  0.838421D+00
  0.835855D+00
  0.832733D+00
  0.826268D+00
  0.814150D+00
  0.804277D+00
  0.790678D+00
  0.772503D+00
  0.799315D+00
  0.831715D+00
  0.813334D+00
  0.786787D+00
  0.823659D+00
  0.804275D+00
  0.783786D+00
  0.761196D+00
  0.731781D+00
  0.694734D+00
  0.731614D+00
  0.701037D+00
  0.681901D+00
  0.670565D+00
  0.663795D+00
  0.655468D+00
  0.645668D+00
  0.633355D+00
  0.617712D+00
  0.601064D+00
  0.584858D+00
  0.566800D+00
  0.544617D+00
  0.519458D+00
  0.492495D+00
  0.463887D+00
  0.432971D+00
  0.400317D+00
  0.366351D+00
  0.338552D+00
  0.312813D+00
  0.444443D+00
  0.464333D+00
  0.440602D+00
  0.420713D+00
  0.427212D+00
  0.422212D+00
  0.412918D+00
  0.480361D+00
  0.522647D+00
  0.506035D+00
  0.491175D+00
  0.467213D+00
  0.435156D+00
  0.398538D+00
  0.359964D+00
  0.322021D+00
  0.288891D+00
  0.263640D+00
  0.238431D+00
  0.218320D+00
  0.196235D+00
  0.174689D+00
  0.150704D+00
  0.122538D+00
  0.965386D-01
  0.761464D-01
  0.576991D-01
  0.393927D-01
  0.249359D-01
  0.163530D-01
  0.101590D-01
  0.607023D-02
  0.332594D-02
  0.140252D-02
  0.493871D-03
  0.173433D-03
  0.571146D-04
  0.220899D-04
  0.995898D-05
  0.414188D-05
  0.000000D+00
  0.278381D-01
  0.434805D-01
  0.298860D-01
  0.198230D-01
  0.121751D-01
  0.653221D-02
  0.275049D-02
  0.135207D-02
  0.834254D-03
  0.522744D-03
  0.217137D-03
  0.632461D-04
  0.186546D-04
  0.630360D-05
  0.000000D+00
  0.000000D+00
  0.000000D+00
  0.000000D+00
  0.000000D+00
