  0.980000D+00
  0.980000D+00
  0.980000D+00
  0.980000D+00
  0.980000D+00
  0.980000D+00
  0.980000D+00
  0.980000D+00
  0.980000D+00
  0.980000D+00
  0.980000D+00
  0.980000D+00
  0.980001D+00
  0.980001D+00
  0.980000D+00
  0.980000D+00
  0.980207D+00
  0.980217D+00
  0.980343D+00
  0.980319D+00
  0.980300D+00
  0.980269D+00
  0.980235D+00
  0.980209D+00
  0.980183D+00
  0.980142D+00
  0.980099D+00
  0.980065D+00
  0.980043D+00
  0.980025D+00
  0.980014D+00
  0.980007D+00
  0.980004D+00
  0.980002D+00
  0.980288D+00
  0.980373D+00
  0.980348D+00
  0.980480D+00
  0.980496D+00
  0.980573D+00
  0.980550D+00
  0.980531D+00
  0.980514D+00
  0.980499D+00
  0.980497D+00
  0.980483D+00
  0.980493D+00
  0.980481D+00
  0.980488D+00
  0.980484D+00
  0.980472D+00
  0.980453D+00
  0.980474D+00
  0.980460D+00
  0.980448D+00
  0.980432D+00
  0.980415D+00
  0.980396D+00
  0.980375D+00
  0.980394D+00
  0.980425D+00
  0.980412D+00
  0.980446D+00
  0.980489D+00
  0.980475D+00
  0.980466D+00
  0.980461D+00
  0.980458D+00
  0.980455D+00
  0.980453D+00
  0.980452D+00
  0.980450D+00
  0.980449D+00
  0.980453D+00
  0.980450D+00
  0.980448D+00
  0.980458D+00
  0.980548D+00
  0.980538D+00
  0.980526D+00
  0.980519D+00
  0.980516D+00
  0.980508D+00
  0.980490D+00
  0.980471D+00
  0.980456D+00
  0.980443D+00
  0.980427D+00
  0.980424D+00
  0.980427D+00
  0.980406D+00
  0.980400D+00
  0.980387D+00
  0.980364D+00
  0.980341D+00
  0.980437D+00
  0.980433D+00
  0.980425D+00
  0.980431D+00
  0.980426D+00
  0.980422D+00
  0.980420D+00
  0.980418D+00
  0.980416D+00
  0.980439D+00
  0.980440D+00
  0.980437D+00
  0.980434D+00
  0.980432D+00
  0.980430D+00
  0.980430D+00
  0.980428D+00
  0.980426D+00
  0.980426D+00
  0.980526D+00
  0.980626D+00
  0.980605D+00
  0.980597D+00
  0.980600D+00
  0.980609D+00
  0.980708D+00
  0.980830D+00
  0.980832D+00
  0.980807D+00
  0.980798D+00
  0.980922D+00
  0.981038D+00
  0.981119D+00
  0.981136D+00
  0.981100D+00
  0.981074D+00
  0.981054D+00
  0.981040D+00
  0.981028D+00
  0.981020D+00
  0.981013D+00
  0.981008D+00
  0.981003D+00
  0.981001D+00
  0.980998D+00
  0.980995D+00
  0.980993D+00
  0.980991D+00
  0.980990D+00
  0.980988D+00
  0.980986D+00
  0.980984D+00
  0.980980D+00
  0.980971D+00
  0.980964D+00
  0.980955D+00
  0.980942D+00
  0.980961D+00
  0.980983D+00
  0.980970D+00
  0.980952D+00
  0.980977D+00
  0.980964D+00
  0.980950D+00
  0.980934D+00
  0.980913D+00
  0.980887D+00
  0.980912D+00
  0.980891D+00
  0.980877D+00
  0.980869D+00
  0.980865D+00
  0.980859D+00
  0.980852D+00
  0.980843D+00
  0.980831D+00
  0.980819D+00
  0.980807D+00
  0.980794D+00
  0.980778D+00
  0.980759D+00
  0.980738D+00
  0.980717D+00
  0.980693D+00
  0.980667D+00
  0.980640D+00
  0.980617D+00
  0.980596D+00
  0.980698D+00
  0.980713D+00
  0.980696D+00
  0.980681D+00
  0.980686D+00
  0.980682D+00
  0.980675D+00
  0.980727D+00
  0.980758D+00
  0.980746D+00
  0.980736D+00
  0.980718D+00
  0.980693D+00
  0.980665D+00
  0.980634D+00
  0.980603D+00
  0.980575D+00
  0.980553D+00
  0.980530D+00
  0.980511D+00
  0.980490D+00
  0.980468D+00
  0.980442D+00
  0.980407D+00
  0.980371D+00
  0.980336D+00
  0.980297D+00
  0.980247D+00
  0.980190D+00
  0.980144D+00
  0.980101D+00
  0.980066D+00
  0.980039D+00
  0.980017D+00
  0.980006D+00
  0.980002D+00
  0.980001D+00
  0.980000D+00
  0.980000D+00
  0.980000D+00
  0.980000D+00
  0.980110D+00
  0.980179D+00
  0.980156D+00
  0.980127D+00
  0.980093D+00
  0.980058D+00
  0.980028D+00
  0.980015D+00
  0.980009D+00
  0.980006D+00
  0.980003D+00
  0.980001D+00
  0.980000D+00
  0.980000D+00
  0.980000D+00
  0.980000D+00
  0.980000D+00
  0.980000D+00
  0.980000D+00
