 -0.315646D-05
 -0.197209D-05
 -0.334818D-05
 -0.265351D-05
 -0.295158D-05
 -0.276445D-05
 -0.283020D-05
 -0.424834D-05
  0.358223D-06
 -0.298568D-05
 -0.361151D-05
 -0.544903D-05
 -0.902771D-05
 -0.656825D-05
 -0.550619D-05
 -0.461108D-05
 -0.261877D-06
  0.170860D-05
 -0.164153D-05
 -0.492812D-05
  0.166909D-05
 -0.239679D-05
 -0.127880D-07
 -0.247119D-05
  0.483508D-05
 -0.300458D-05
  0.948387D-05
  0.127828D-07
  0.170848D-05
 -0.247482D-05
 -0.434577D-05
 -0.657993D-06
 -0.843843D-05
 -0.248943D-06
 -0.163141D-05
 -0.149075D-05
 -0.782831D-06
 -0.877559D-06
  0.115655D-06
 -0.217126D-05
 -0.434733D-05
 -0.282560D-05
  0.710175D-06
  0.234923D-05
 -0.397645D-05
 -0.661642D-05
 -0.302595D-05
 -0.378316D-05
  0.249697D-05
 -0.193361D-05
  0.348922D-05
 -0.322656D-05
 -0.212267D-05
  0.269093D-06
 -0.391508D-06
  0.266615D-05
  0.234140D-06
 -0.449821D-05
  0.472802D-06
 -0.887718D-06
 -0.111759D-05
  0.524172D-07
  0.122960D-05
  0.636783D-06
  0.925782D-06
  0.442181D-06
  0.555365D-06
  0.449685D-06
  0.955647D-07
 -0.183170D-05
 -0.137988D-05
 -0.132846D-05
  0.211060D-06
 -0.262016D-05
  0.585627D-06
  0.255584D-05
  0.360099D-05
  0.245479D-05
  0.139794D-05
 -0.311100D-05
  0.153796D-04
 -0.102178D-05
  0.109611D-05
  0.211122D-07
 -0.230783D-05
 -0.286020D-05
 -0.143348D-05
  0.282293D-05
  0.602824D-05
  0.522731D-05
  0.917105D-07
  0.438768D-05
  0.969150D-05
  0.105483D-04
  0.109544D-04
  0.791962D-05
  0.155647D-05
  0.659729D-06
  0.513483D-06
 -0.709220D-06
  0.119808D-07
  0.333069D-06
  0.503332D-06
 -0.118350D-05
  0.570874D-06
 -0.192527D-05
 -0.111341D-05
 -0.942568D-06
  0.116830D-07
 -0.538560D-06
  0.230655D-06
  0.588286D-06
  0.354809D-06
  0.146579D-05
  0.681236D-06
  0.695044D-06
 -0.276804D-05
  0.721065D-07
 -0.133519D-05
  0.418920D-05
  0.300256D-05
  0.119433D-05
  0.741414D-06
  0.239789D-07
  0.149414D-05
  0.223817D-05
  0.205546D-05
  0.908277D-06
  0.803275D-06
  0.152369D-06
 -0.351558D-06
  0.316137D-06
 -0.311008D-06
  0.320710D-06
 -0.790823D-07
 -0.896079D-06
  0.430812D-07
  0.863614D-07
  0.601423D-06
 -0.155530D-05
 -0.205872D-05
 -0.254498D-05
 -0.275804D-05
 -0.184951D-05
 -0.940859D-06
 -0.186200D-05
  0.257290D-05
  0.656698D-06
  0.212925D-06
  0.519550D-06
 -0.783916D-06
  0.297577D-07
  0.205998D-05
 -0.264801D-05
  0.193250D-06
 -0.660388D-06
 -0.224555D-06
 -0.376033D-05
 -0.155560D-05
 -0.831079D-06
  0.101410D-05
  0.219155D-05
 -0.559661D-06
 -0.432857D-06
 -0.169634D-05
 -0.174829D-05
 -0.212781D-05
 -0.383502D-06
 -0.314684D-05
 -0.102167D-05
 -0.122628D-05
 -0.185605D-05
 -0.191042D-05
  0.704899D-07
 -0.313702D-05
 -0.353066D-05
 -0.270869D-05
  0.265998D-06
 -0.298179D-05
 -0.486974D-05
 -0.222830D-05
 -0.415734D-05
  0.211146D-05
  0.992766D-06
  0.138449D-05
 -0.147317D-05
  0.383501D-06
  0.236820D-05
 -0.499883D-06
  0.738657D-06
  0.847912D-06
  0.172970D-05
 -0.209795D-05
 -0.519714D-06
 -0.211388D-05
 -0.124651D-05
 -0.560145D-05
 -0.687761D-05
 -0.359295D-05
 -0.184688D-05
  0.179497D-05
  0.731829D-06
 -0.207607D-05
 -0.506204D-05
 -0.563743D-05
 -0.248998D-05
 -0.126066D-05
  0.107661D-05
 -0.146071D-05
  0.145415D-05
  0.239921D-06
  0.227388D-05
 -0.254374D-05
  0.595716D-05
 -0.862284D-06
  0.143664D-05
  0.580540D-05
 -0.304373D-05
  0.372814D-05
  0.358279D-06
 -0.829734D-06
 -0.330966D-06
  0.633458D-06
 -0.822380D-06
  0.882082D-05
 -0.463223D-06
 -0.212070D-05
  0.103332D-05
 -0.102090D-05
  0.353273D-06
  0.104348D-05
  0.282502D-05
  0.101402D-05
 -0.485075D-06
 -0.364659D-08
 -0.358272D-06
  0.487782D-05
  0.491237D-05
  0.371287D-05
 -0.135358D-05
 -0.633309D-06
 -0.462001D-05
 -0.652110D-06
