 -0.346638D-02
 -0.194870D-01
 -0.768276D-02
 -0.115081D-02
 -0.157518D-01
 -0.395599D-02
 -0.786458D-02
 -0.835372D-02
 -0.193888D-01
 -0.721804D-04
 -0.210225D-02
 -0.450425D-01
 -0.918948D-01
 -0.116467D-01
 -0.367109D-02
 -0.347495D-02
 -0.103015D+00
 -0.823768D-01
 -0.173036D-01
 -0.122112D-01
 -0.458296D-01
 -0.419612D-01
 -0.397878D-01
 -0.102571D-02
 -0.150498D+00
 -0.655208D-02
 -0.189422D+00
 -0.638803D-02
 -0.315592D-01
 -0.163739D-02
 -0.657796D-02
 -0.994068D-02
 -0.891566D-01
 -0.664260D-01
 -0.150818D-02
 -0.255344D-02
 -0.529014D-02
 -0.515536D-01
 -0.895786D-01
 -0.804450D-03
 -0.130732D+00
 -0.778287D-02
 -0.642264D-01
 -0.894963D-01
 -0.319318D-02
 -0.162439D-01
 -0.935025D-02
 -0.612202D-02
  0.000000D+00
 -0.388952D-01
 -0.138298D+00
 -0.442630D-01
 -0.269626D-01
 -0.778571D-02
 -0.272732D-01
 -0.179307D-01
 -0.810597D-03
 -0.189393D-01
 -0.443170D-01
 -0.474135D-02
 -0.308554D-02
 -0.520166D-02
 -0.108111D-01
  0.000000D+00
  0.000000D+00
  0.000000D+00
 -0.157665D-02
 -0.145459D-01
 -0.139964D-02
 -0.479108D-02
 -0.150532D-02
 -0.471685D-02
 -0.110351D-01
 -0.943941D-02
 -0.492417D-02
 -0.531419D-01
 -0.168444D+00
  0.000000D+00
 -0.753183D-02
 -0.843033D-02
 -0.114025D+00
 -0.358577D-02
 -0.922329D-01
 -0.157672D-01
 -0.358467D-02
 -0.590354D-02
 -0.194045D-01
 -0.102836D+00
 -0.262483D+00
 -0.141469D+00
 -0.147224D-02
 -0.559709D-02
 -0.201528D+00
 -0.215756D+00
 -0.240052D+00
 -0.304053D+00
 -0.135146D-01
 -0.157295D+00
 -0.204641D-01
 -0.137569D-01
 -0.124868D-01
 -0.281351D-01
 -0.223330D-01
 -0.138915D-01
 -0.475421D-02
 -0.222260D-02
 -0.786374D-02
 -0.274804D-02
 -0.126921D-01
 -0.386787D-02
 -0.203224D-01
 -0.121326D-01
 -0.280352D-01
 -0.719742D-01
 -0.259244D-01
 -0.244709D-02
 -0.681592D-01
 -0.405015D-02
 -0.393931D-01
 -0.224619D+00
 -0.584000D+00
 -0.469731D-02
 -0.150157D-01
 -0.121821D-01
 -0.178889D+00
 -0.156352D+00
 -0.180852D+00
 -0.256822D-01
 -0.527836D-01
 -0.102317D-01
 -0.208997D-02
 -0.263331D-02
 -0.274020D-05
 -0.432903D-02
 -0.786523D-03
 -0.883381D-03
 -0.555399D-02
 -0.576966D-02
 -0.575223D-02
 -0.355533D-02
 -0.131282D-02
 -0.209578D-02
 -0.325137D-02
 -0.271478D-02
 -0.105092D-01
 -0.223138D-02
 -0.158430D+00
 -0.947096D-04
 -0.116733D-02
 -0.263907D-05
 -0.856679D-03
 -0.716376D-02
 -0.665888D-01
 -0.963146D-02
 -0.341385D-02
 -0.789675D-02
 -0.171257D-03
 -0.206149D-01
 -0.149935D-01
 -0.136531D-01
 -0.872972D-01
 -0.858222D-01
  0.000000D+00
 -0.392137D-02
 -0.683446D-02
 -0.279674D-02
 -0.148576D-01
 -0.293679D-02
 -0.247862D-01
 -0.780812D-02
 -0.373381D-01
 -0.389451D-02
 -0.180431D-01
 -0.294166D-01
 -0.134455D-01
 -0.517403D-02
 -0.116412D-01
 -0.192316D-01
 -0.385125D-02
 -0.331320D-01
 -0.156457D-01
 -0.799472D-02
 -0.128238D+00
 -0.627151D-01
 -0.107715D+00
 -0.933958D-02
 -0.768039D-02
 -0.833901D-02
 -0.155936D-01
 -0.930015D-01
 -0.833325D-02
 -0.945480D-03
 -0.141027D-01
 -0.456188D-02
 -0.995880D-02
 -0.541221D-02
 -0.202416D-01
 -0.306237D-01
 -0.114798D-01
 -0.463311D-02
 -0.820480D-01
 -0.328868D-01
 -0.247689D-01
 -0.146582D-01
 -0.198338D-01
 -0.111510D-01
 -0.136631D-01
 -0.720016D-01
 -0.219797D-01
 -0.419534D-01
 -0.273129D-01
 -0.585852D-01
 -0.853077D-02
 -0.100588D+00
 -0.219137D-01
 -0.139630D-01
 -0.167854D+00
 -0.361621D-02
 -0.750507D-01
 -0.884327D-02
 -0.311219D-02
 -0.207493D-02
 -0.571144D-01
 -0.308401D-02
 -0.146625D+00
 -0.144969D-01
 -0.865808D-02
 -0.321489D-01
 -0.260956D-01
 -0.257533D-01
 -0.124325D-01
 -0.328187D-01
 -0.574787D-01
 -0.164197D-01
 -0.201102D-01
 -0.365199D-02
 -0.508386D-03
  0.000000D+00
 -0.266060D-03
 -0.946510D-02
 -0.154389D-01
 -0.200985D-01
 -0.562622D-01
