  0.140793D+00
  0.137604D+00
  0.134208D+00
  0.142834D+00
  0.143004D+00
  0.202146D+00
  0.202233D+00
  0.196490D+00
  0.190132D+00
  0.184268D+00
  0.182015D+00
  0.186274D+00
  0.191380D+00
  0.205059D+00
  0.200853D+00
  0.194084D+00
  0.240731D+00
  0.237321D+00
  0.232988D+00
  0.228009D+00
  0.227900D+00
  0.224136D+00
  0.242380D+00
  0.236755D+00
  0.247336D+00
  0.240993D+00
  0.232679D+00
  0.228640D+00
  0.221523D+00
  0.214828D+00
  0.209032D+00
  0.203536D+00
  0.271105D+00
  0.312768D+00
  0.321487D+00
  0.311421D+00
  0.299348D+00
  0.292549D+00
  0.282145D+00
  0.319946D+00
  0.326447D+00
  0.351745D+00
  0.335781D+00
  0.321188D+00
  0.322237D+00
  0.316265D+00
  0.388060D+00
  0.370003D+00
  0.357854D+00
  0.343085D+00
  0.329111D+00
  0.319307D+00
  0.316972D+00
  0.306466D+00
  0.296547D+00
  0.301429D+00
  0.300879D+00
  0.293854D+00
  0.287871D+00
  0.290714D+00
  0.283570D+00
  0.275382D+00
  0.269924D+00
  0.262348D+00
  0.255253D+00
  0.248311D+00
  0.241376D+00
  0.234882D+00
  0.228905D+00
  0.223418D+00
  0.218343D+00
  0.213146D+00
  0.208316D+00
  0.204559D+00
  0.200909D+00
  0.197607D+00
  0.221816D+00
  0.231830D+00
  0.227187D+00
  0.223457D+00
  0.218346D+00
  0.232620D+00
  0.249292D+00
  0.249529D+00
  0.249221D+00
  0.246489D+00
  0.243097D+00
  0.239760D+00
  0.266679D+00
  0.266788D+00
  0.262740D+00
  0.279356D+00
  0.273178D+00
  0.285723D+00
  0.279694D+00
  0.285335D+00
  0.278277D+00
  0.269203D+00
  0.260721D+00
  0.253026D+00
  0.246029D+00
  0.239671D+00
  0.233893D+00
  0.228654D+00
  0.223867D+00
  0.219410D+00
  0.214645D+00
  0.211362D+00
  0.207184D+00
  0.203710D+00
  0.199607D+00
  0.196342D+00
  0.193894D+00
  0.191751D+00
  0.189929D+00
  0.188409D+00
  0.186888D+00
  0.185089D+00
  0.184871D+00
  0.191956D+00
  0.189874D+00
  0.187890D+00
  0.186077D+00
  0.184437D+00
  0.182930D+00
  0.181524D+00
  0.180238D+00
  0.179051D+00
  0.177960D+00
  0.176941D+00
  0.176005D+00
  0.175128D+00
  0.174321D+00
  0.173588D+00
  0.172925D+00
  0.172323D+00
  0.171789D+00
  0.171316D+00
  0.170903D+00
  0.170535D+00
  0.170220D+00
  0.169827D+00
  0.168724D+00
  0.167227D+00
  0.165781D+00
  0.164392D+00
  0.162770D+00
  0.160930D+00
  0.161695D+00
  0.161986D+00
  0.164034D+00
  0.167220D+00
  0.178802D+00
  0.181902D+00
  0.182756D+00
  0.185456D+00
  0.200010D+00
  0.202562D+00
  0.202959D+00
  0.202853D+00
  0.204281D+00
  0.209239D+00
  0.221589D+00
  0.224366D+00
  0.223869D+00
  0.221195D+00
  0.217702D+00
  0.212596D+00
  0.208998D+00
  0.205850D+00
  0.203565D+00
  0.202839D+00
  0.201996D+00
  0.201090D+00
  0.201433D+00
  0.202993D+00
  0.204897D+00
  0.207538D+00
  0.213238D+00
  0.217438D+00
  0.221796D+00
  0.234210D+00
  0.233681D+00
  0.250945D+00
  0.247829D+00
  0.244189D+00
  0.240013D+00
  0.237306D+00
  0.233105D+00
  0.228192D+00
  0.223984D+00
  0.220193D+00
  0.216232D+00
  0.214490D+00
  0.210880D+00
  0.209539D+00
  0.210201D+00
  0.212339D+00
  0.215945D+00
  0.216654D+00
  0.218145D+00
  0.215814D+00
  0.238018D+00
  0.242046D+00
  0.242206D+00
  0.237941D+00
  0.235678D+00
  0.262663D+00
  0.259478D+00
  0.250761D+00
  0.244585D+00
  0.257568D+00
  0.248338D+00
  0.243815D+00
  0.260322D+00
  0.243318D+00
  0.228361D+00
  0.215912D+00
  0.203152D+00
  0.194214D+00
  0.199673D+00
  0.196876D+00
  0.194762D+00
  0.197089D+00
  0.224278D+00
  0.224020D+00
  0.216757D+00
  0.205676D+00
  0.202375D+00
  0.196147D+00
  0.211517D+00
  0.229557D+00
  0.238963D+00
  0.255857D+00
  0.239237D+00
  0.220686D+00
  0.216387D+00
  0.212785D+00
  0.209405D+00
  0.204739D+00
  0.201347D+00
  0.197013D+00
  0.186147D+00
