 -0.202464D+02
 -0.182889D+02
 -0.150843D+02
 -0.198699D+02
 -0.122167D+02
 -0.148424D+02
 -0.186135D+02
 -0.131523D+02
 -0.645500D+01
 -0.226675D+02
 -0.164684D+02
 -0.272056D+01
  0.172028D+02
  0.963065D+00
 -0.883527D+01
 -0.152638D+02
 -0.116418D+02
 -0.114356D+02
 -0.287160D+02
  0.913636D+01
 -0.174581D+01
  0.697067D+01
 -0.170131D+02
 -0.885244D+01
  0.121642D+02
 -0.121993D+02
 -0.220261D+02
 -0.283354D+02
  0.154262D+02
 -0.119385D+02
 -0.130375D+02
 -0.206083D+02
  0.161844D+02
 -0.193061D+02
 -0.223440D+02
 -0.230235D+02
 -0.347698D+02
 -0.186940D+02
  0.497934D+01
 -0.144191D+02
  0.312537D+02
 -0.120184D+02
  0.115327D+01
  0.187246D+02
 -0.248072D+01
  0.108335D+02
 -0.103030D+02
 -0.827044D+01
  0.130078D+01
 -0.194579D+02
  0.344991D+02
  0.459531D+01
 -0.215328D+02
  0.128268D+02
  0.115821D+02
  0.680178D+01
  0.103066D+02
  0.105403D+02
  0.193166D+02
  0.497399D+01
 -0.316628D+02
  0.527213D+01
 -0.785056D+01
 -0.828178D+01
 -0.137858D+02
 -0.274754D+01
 -0.597689D+01
 -0.181861D+02
 -0.104385D+02
 -0.207129D+02
 -0.252477D+02
 -0.168173D+02
  0.400445D+01
 -0.227874D+02
  0.697572D+01
  0.942901D+01
  0.905327D+01
 -0.128775D+01
 -0.215859D+02
 -0.243723D+02
 -0.104500D+02
  0.126369D+01
  0.255493D+02
  0.978341D+01
  0.865734D+01
 -0.144343D+02
  0.167784D+01
  0.388844D+01
  0.992773D+01
  0.246775D+02
  0.173398D+02
  0.140795D+00
  0.221214D+02
  0.100792D+02
  0.257544D+01
 -0.305345D+02
 -0.444366D+02
 -0.398013D+02
 -0.289018D+02
 -0.239297D+02
 -0.410178D+02
 -0.308553D+02
 -0.399706D+02
 -0.258757D+02
 -0.470860D+01
 -0.214068D+02
 -0.202246D+02
 -0.357718D+02
 -0.270423D+02
 -0.261699D+02
  0.950081D+01
 -0.142234D+02
 -0.190808D+02
 -0.118744D+02
 -0.923145D+01
 -0.182086D+02
 -0.106901D+02
 -0.238116D+01
  0.220336D+02
 -0.121503D+02
 -0.310857D+01
 -0.350439D+02
 -0.288459D+02
 -0.389122D+00
  0.714919D+01
  0.386533D+00
 -0.158927D+02
 -0.586526D+01
 -0.161865D+02
  0.505288D+01
 -0.176462D+02
 -0.441061D+02
 -0.371107D+02
 -0.165656D+02
 -0.792031D+01
 -0.848781D+01
 -0.682117D+01
 -0.920422D+01
 -0.863178D+01
 -0.331344D+02
 -0.222410D+02
 -0.180140D+02
 -0.143176D+02
 -0.175570D+02
 -0.153142D+02
 -0.205238D+02
  0.183085D+02
  0.816742D+01
 -0.163857D+02
  0.139661D+02
 -0.286745D+01
  0.177892D+02
  0.923033D+01
 -0.217384D+02
  0.166895D+02
  0.396939D+01
  0.105749D+02
 -0.102652D+02
 -0.385543D+01
 -0.164452D+01
  0.478088D+02
  0.392695D+02
  0.192544D+02
  0.112304D+01
 -0.294989D+02
 -0.295558D+02
 -0.242757D+02
 -0.206616D+02
 -0.344879D+01
 -0.102328D+02
 -0.543438D+00
 -0.128731D+02
 -0.783453D+00
  0.977033D+01
  0.537526D+01
  0.548489D+01
  0.838943D+01
  0.265020D+02
  0.241151D+02
  0.318425D+02
  0.300861D+02
 -0.685799D+01
  0.388009D+02
 -0.177832D+01
 -0.452690D+01
 -0.300432D+02
  0.128907D+02
 -0.356880D+02
 -0.480528D+02
 -0.165488D+02
 -0.909381D+01
 -0.352801D+02
 -0.104439D+02
  0.718803D+01
 -0.763064D+00
 -0.887972D-01
  0.225862D+02
  0.283192D+02
  0.558902D+01
 -0.100579D+02
  0.145125D+02
  0.292032D+02
  0.120149D+02
  0.480588D-02
  0.100240D+02
  0.481662D+01
  0.107620D+02
  0.187944D+02
  0.876439D+01
  0.774266D+01
  0.156265D+02
  0.112404D+02
 -0.458383D+01
  0.199838D+01
 -0.551707D+01
 -0.563108D+01
  0.385523D+02
 -0.100557D+01
  0.163556D+02
  0.300210D+01
 -0.166932D+02
  0.577378D-01
  0.117990D+02
  0.744901D+01
 -0.168880D+02
 -0.413632D+01
 -0.193434D+02
  0.160595D+02
  0.103883D+02
  0.517499D+01
 -0.671776D+01
 -0.361489D+01
  0.322626D+01
  0.150508D+02
 -0.921050D+01
 -0.968954D+01
 -0.270002D+01
 -0.202526D+00
  0.587755D+01
 -0.122006D+02
 -0.174861D+02
 -0.170074D+02
 -0.175073D+02
