 -0.146675D+02
 -0.210059D+02
 -0.124839D+02
 -0.735085D+01
 -0.118444D+02
 -0.938042D+01
 -0.101006D+02
 -0.149376D+02
 -0.265405D+02
 -0.881355D+01
 -0.105911D+02
 -0.215049D+02
 -0.323713D+02
 -0.166057D+02
 -0.140531D+02
 -0.116347D+02
 -0.230236D+02
 -0.254754D+02
 -0.844137D+01
 -0.274520D+02
 -0.305206D+02
 -0.285788D+02
 -0.145284D+02
 -0.125312D+02
 -0.536050D+02
 -0.143902D+02
 -0.345534D+02
 -0.112365D+02
 -0.398304D+02
 -0.169132D+02
 -0.130927D+02
 -0.116769D+02
 -0.298611D+02
 -0.145880D+02
 -0.646491D+01
 -0.622583D+01
 -0.579255D+01
 -0.115297D+02
 -0.341586D+02
 -0.827814D+01
 -0.493941D+02
 -0.101693D+02
 -0.347084D+02
 -0.492479D+02
 -0.126808D+02
 -0.205127D+02
 -0.109262D+02
 -0.136690D+02
  0.157525D+01
 -0.101067D+02
 -0.503832D+02
 -0.215522D+02
 -0.117559D+02
 -0.965807D+01
 -0.287051D+02
 -0.308918D+00
 -0.281333D+00
 -0.238583D+02
 -0.566162D+01
 -0.452280D+01
 -0.493004D+01
 -0.419834D+01
  0.986618D+01
  0.743755D+01
  0.132479D+02
  0.549315D+01
  0.102961D+02
  0.181775D+02
  0.650351D+01
 -0.997389D+01
 -0.842205D+01
 -0.123865D+02
 -0.107944D+02
 -0.120343D+02
 -0.781057D+01
 -0.958681D+01
 -0.120153D+02
  0.637637D+01
  0.951879D+01
 -0.140786D+02
 -0.197741D+02
 -0.460944D+01
 -0.174577D+02
 -0.176262D+02
 -0.777187D+01
 -0.108337D+02
 -0.231911D+02
 -0.264607D+02
 -0.228744D+02
 -0.340921D+02
 -0.438234D+01
  0.499719D+00
 -0.451595D+02
 -0.397809D+02
 -0.243221D+02
  0.115363D+02
  0.502502D+02
  0.414662D+02
  0.208545D+02
 -0.599080D+01
 -0.125270D+01
  0.257883D+02
  0.341140D+02
 -0.109709D+02
  0.170634D+02
 -0.926727D+01
 -0.145397D+02
 -0.804284D+01
 -0.129184D+02
 -0.143888D+02
 -0.153823D+01
 -0.139938D+02
 -0.139107D+02
 -0.905695D+00
  0.141803D+02
  0.159564D+02
 -0.242089D+02
 -0.100104D+01
 -0.686446D+01
 -0.112039D+02
 -0.947310D+01
  0.384077D+02
  0.210706D+02
 -0.506078D+01
 -0.257185D+02
 -0.130499D+01
  0.156141D+02
  0.727690D+01
  0.120985D+01
 -0.734574D+00
 -0.302633D+01
  0.394259D+01
 -0.367318D+01
  0.124420D+02
 -0.192010D+01
 -0.777765D+01
 -0.312076D+00
  0.377498D+01
  0.774089D+01
 -0.135586D+02
 -0.152753D+02
 -0.172975D+02
 -0.184877D+02
 -0.178244D+02
 -0.202154D+02
 -0.178919D+02
 -0.722801D+02
 -0.160002D+02
 -0.209684D+02
 -0.113898D+02
 -0.160293D+02
 -0.887191D+01
 -0.128005D+02
 -0.134335D+02
 -0.106667D+02
 -0.241893D+02
 -0.217396D+01
 -0.186611D+02
 -0.138494D+02
 -0.236785D+02
 -0.648435D+02
 -0.664181D+02
 -0.282933D+01
 -0.494477D+01
 -0.100683D+02
 -0.105710D+02
 -0.146369D+02
 -0.138063D+02
 -0.236148D+02
 -0.175124D+02
 -0.312142D+02
 -0.156889D+02
 -0.243615D+02
 -0.339734D+02
 -0.227710D+02
 -0.192603D+02
 -0.224213D+02
 -0.257592D+02
 -0.169274D+02
 -0.205698D+02
 -0.979194D+01
 -0.146982D+02
 -0.476462D+02
  0.273790D+01
  0.450924D+01
 -0.896903D+01
 -0.245757D+01
  0.430636D+02
 -0.519469D+01
 -0.984950D+01
  0.165583D+02
  0.467681D+02
 -0.101638D+02
 -0.507194D+01
 -0.211868D+02
 -0.233211D+02
 -0.309407D+02
 -0.337608D+02
 -0.202372D+02
 -0.145347D+02
 -0.323462D+02
 -0.276584D+02
 -0.931936D+01
 -0.164173D+02
 -0.236663D+02
 -0.187392D+02
 -0.235392D+02
 -0.119921D+02
 -0.197321D+02
 -0.316224D+02
 -0.325986D+02
 -0.140693D+02
 -0.111304D+02
 -0.932448D+01
 -0.273678D+02
 -0.231870D+02
 -0.598459D+02
 -0.128651D+02
 -0.466847D+02
 -0.200330D+01
 -0.326325D+01
 -0.246220D+01
 -0.830532D+01
 -0.558400D+01
 -0.256477D+01
 -0.579642D+01
 -0.115514D+02
 -0.151691D+02
 -0.577328D+01
 -0.113300D+02
 -0.207393D+01
 -0.223897D+01
 -0.675511D+01
 -0.352149D+01
 -0.229614D+02
 -0.827497D+01
  0.331820D+01
  0.411790D+01
 -0.158825D+00
 -0.357237D+01
 -0.299474D+01
 -0.107290D+02
 -0.137737D+02
