  0.989485D+00
  0.986086D+00
  0.989824D+00
  0.100000D+01
  0.100000D+01
  0.997461D+00
  0.100000D+01
  0.100000D+01
  0.989882D+00
  0.100000D+01
  0.100000D+01
  0.100000D+01
  0.100000D+01
  0.100000D+01
  0.100000D+01
  0.100000D+01
  0.997644D+00
  0.979590D+00
  0.996031D+00
  0.992839D+00
  0.969392D+00
  0.996765D+00
  0.983343D+00
  0.988457D+00
  0.984683D+00
  0.987525D+00
  0.979608D+00
  0.982400D+00
  0.933797D+00
  0.957641D+00
  0.996418D+00
  0.998579D+00
  0.100000D+01
  0.100000D+01
  0.996702D+00
  0.100000D+01
  0.997938D+00
  0.988269D+00
  0.997318D+00
  0.100000D+01
  0.999852D+00
  0.995991D+00
  0.997740D+00
  0.924343D+00
  0.100000D+01
  0.100000D+01
  0.100000D+01
  0.100000D+01
  0.998826D+00
  0.999061D+00
  0.996470D+00
  0.974292D+00
  0.995988D+00
  0.992900D+00
  0.993894D+00
  0.997702D+00
  0.999747D+00
  0.100000D+01
  0.989275D+00
  0.999581D+00
  0.100000D+01
  0.998705D+00
  0.993946D+00
  0.989254D+00
  0.980299D+00
  0.977044D+00
  0.980556D+00
  0.989828D+00
  0.100000D+01
  0.100000D+01
  0.997640D+00
  0.992487D+00
  0.969587D+00
  0.995060D+00
  0.988996D+00
  0.972426D+00
  0.987292D+00
  0.100000D+01
  0.999374D+00
  0.100000D+01
  0.992265D+00
  0.996343D+00
  0.999522D+00
  0.997461D+00
  0.100000D+01
  0.100000D+01
  0.993814D+00
  0.951053D+00
  0.993719D+00
  0.987741D+00
  0.981948D+00
  0.996016D+00
  0.996298D+00
  0.976574D+00
  0.960035D+00
  0.991811D+00
  0.939249D+00
  0.976294D+00
  0.984251D+00
  0.100000D+01
  0.994460D+00
  0.983951D+00
  0.956234D+00
  0.100000D+01
  0.989982D+00
  0.100000D+01
  0.995247D+00
  0.991843D+00
  0.982682D+00
  0.974955D+00
  0.938653D+00
  0.985272D+00
  0.882656D+00
  0.941233D+00
  0.957850D+00
  0.990272D+00
  0.993216D+00
  0.991497D+00
  0.997267D+00
  0.996317D+00
  0.900179D+00
  0.930818D+00
  0.970137D+00
  0.988466D+00
  0.960079D+00
  0.972678D+00
  0.965752D+00
  0.926136D+00
  0.944431D+00
  0.928239D+00
  0.995685D+00
  0.995782D+00
  0.998994D+00
  0.100000D+01
  0.100000D+01
  0.995801D+00
  0.100000D+01
  0.100000D+01
  0.100000D+01
  0.990634D+00
  0.995061D+00
  0.988993D+00
  0.972649D+00
  0.963077D+00
  0.950179D+00
  0.956035D+00
  0.943151D+00
  0.736640D+00
  0.837135D+00
  0.845722D+00
  0.928372D+00
  0.952307D+00
  0.995792D+00
  0.992663D+00
  0.990552D+00
  0.953628D+00
  0.997868D+00
  0.100000D+01
  0.994008D+00
  0.967379D+00
  0.905348D+00
  0.885137D+00
  0.999669D+00
  0.999747D+00
  0.997944D+00
  0.996916D+00
  0.992549D+00
  0.978214D+00
  0.966352D+00
  0.960383D+00
  0.945718D+00
  0.966942D+00
  0.967205D+00
  0.943721D+00
  0.955418D+00
  0.957834D+00
  0.962721D+00
  0.934250D+00
  0.974952D+00
  0.985211D+00
  0.100000D+01
  0.100000D+01
  0.100000D+01
  0.986182D+00
  0.977814D+00
  0.989798D+00
  0.992518D+00
  0.996549D+00
  0.994760D+00
  0.100000D+01
  0.974456D+00
  0.953828D+00
  0.991874D+00
  0.990888D+00
  0.993270D+00
  0.958996D+00
  0.962331D+00
  0.970850D+00
  0.976002D+00
  0.979639D+00
  0.987720D+00
  0.878988D+00
  0.995141D+00
  0.100000D+01
  0.100000D+01
  0.982219D+00
  0.964495D+00
  0.986472D+00
  0.979837D+00
  0.953716D+00
  0.954512D+00
  0.970465D+00
  0.997223D+00
  0.990730D+00
  0.977969D+00
  0.925527D+00
  0.814971D+00
  0.971079D+00
  0.984913D+00
  0.957031D+00
  0.997031D+00
  0.998267D+00
  0.997607D+00
  0.993950D+00
  0.994034D+00
  0.988661D+00
  0.995767D+00
  0.980105D+00
  0.993586D+00
  0.994948D+00
  0.988641D+00
  0.981968D+00
  0.987903D+00
  0.996815D+00
  0.996804D+00
  0.970200D+00
  0.100000D+01
  0.100000D+01
  0.100000D+01
  0.999236D+00
  0.998527D+00
  0.998978D+00
  0.994847D+00
