  0.595034D+00
  0.662539D+00
  0.565750D+00
  0.878248D+00
  0.885093D+00
  0.958273D+00
  0.816670D+00
  0.738462D+00
  0.581134D+00
  0.653122D+00
  0.959422D+00
  0.874626D+00
  0.722727D+00
  0.967790D+00
  0.842549D+00
  0.612142D+00
  0.951742D+00
  0.577736D+00
  0.820580D+00
  0.792389D+00
  0.874366D+00
  0.637413D+00
  0.835737D+00
  0.631981D+00
  0.708889D+00
  0.679550D+00
  0.453819D+00
  0.635527D+00
  0.472412D+00
  0.493771D+00
  0.710031D+00
  0.747348D+00
  0.951171D+00
  0.927491D+00
  0.887338D+00
  0.909407D+00
  0.730226D+00
  0.784369D+00
  0.703882D+00
  0.868416D+00
  0.913810D+00
  0.949321D+00
  0.789024D+00
  0.558902D+00
  0.544311D+00
  0.978564D+00
  0.982849D+00
  0.787333D+00
  0.886527D+00
  0.891856D+00
  0.593379D+00
  0.507426D+00
  0.942982D+00
  0.677092D+00
  0.788869D+00
  0.657392D+00
  0.986239D+00
  0.884765D+00
  0.744160D+00
  0.979118D+00
  0.935171D+00
  0.805482D+00
  0.773239D+00
  0.913143D+00
  0.800970D+00
  0.882033D+00
  0.914529D+00
  0.914023D+00
  0.872354D+00
  0.916591D+00
  0.796915D+00
  0.619197D+00
  0.619288D+00
  0.852906D+00
  0.543619D+00
  0.724801D+00
  0.785697D+00
  0.975684D+00
  0.942165D+00
  0.884565D+00
  0.540917D+00
  0.912269D+00
  0.960048D+00
  0.902668D+00
  0.915449D+00
  0.814695D+00
  0.727851D+00
  0.390763D+00
  0.467471D+00
  0.801098D+00
  0.684346D+00
  0.863491D+00
  0.601384D+00
  0.550434D+00
  0.527421D+00
  0.836401D+00
  0.811823D+00
  0.798690D+00
  0.832505D+00
  0.687266D+00
  0.806234D+00
  0.824526D+00
  0.817374D+00
  0.738563D+00
  0.502939D+00
  0.812856D+00
  0.687015D+00
  0.709797D+00
  0.415617D+00
  0.552624D+00
  0.427078D+00
  0.583946D+00
  0.557550D+00
  0.546995D+00
  0.738456D+00
  0.945959D+00
  0.850650D+00
  0.823451D+00
  0.854535D+00
  0.752627D+00
  0.708874D+00
  0.779955D+00
  0.814113D+00
  0.732363D+00
  0.592410D+00
  0.675571D+00
  0.808954D+00
  0.834037D+00
  0.835066D+00
  0.532721D+00
  0.725439D+00
  0.635004D+00
  0.695452D+00
  0.713071D+00
  0.734850D+00
  0.669327D+00
  0.668041D+00
  0.764156D+00
  0.838527D+00
  0.714000D+00
  0.639854D+00
  0.517601D+00
  0.458814D+00
  0.460532D+00
  0.472601D+00
  0.447183D+00
  0.393530D+00
  0.315048D+00
  0.410580D+00
  0.363753D+00
  0.491750D+00
  0.544213D+00
  0.797922D+00
  0.760344D+00
  0.632945D+00
  0.567178D+00
  0.688084D+00
  0.821114D+00
  0.622730D+00
  0.456575D+00
  0.434209D+00
  0.478490D+00
  0.531658D+00
  0.758841D+00
  0.579278D+00
  0.558091D+00
  0.570237D+00
  0.401393D+00
  0.490141D+00
  0.478548D+00
  0.452844D+00
  0.501547D+00
  0.505748D+00
  0.496095D+00
  0.534879D+00
  0.558182D+00
  0.562446D+00
  0.501786D+00
  0.651003D+00
  0.664244D+00
  0.723271D+00
  0.956637D+00
  0.545694D+00
  0.580046D+00
  0.797176D+00
  0.686205D+00
  0.600167D+00
  0.778667D+00
  0.484412D+00
  0.280801D+00
  0.777891D+00
  0.769104D+00
  0.581618D+00
  0.788560D+00
  0.577059D+00
  0.462261D+00
  0.505200D+00
  0.564068D+00
  0.660926D+00
  0.537307D+00
  0.559776D+00
  0.414149D+00
  0.712110D+00
  0.773991D+00
  0.715034D+00
  0.557296D+00
  0.491749D+00
  0.608269D+00
  0.595329D+00
  0.465177D+00
  0.666656D+00
  0.533771D+00
  0.665400D+00
  0.603378D+00
  0.565562D+00
  0.471266D+00
  0.298942D+00
  0.342249D+00
  0.408241D+00
  0.486734D+00
  0.762684D+00
  0.870975D+00
  0.788936D+00
  0.832583D+00
  0.899181D+00
  0.732977D+00
  0.578308D+00
  0.565088D+00
  0.695735D+00
  0.636914D+00
  0.555920D+00
  0.711212D+00
  0.813289D+00
  0.738539D+00
  0.561153D+00
  0.535028D+00
  0.921762D+00
  0.965704D+00
  0.935081D+00
  0.963324D+00
  0.810384D+00
  0.616284D+00
  0.630708D+00
