  0.970641D+00
  0.950897D+00
  0.982970D+00
  0.100000D+01
  0.989483D+00
  0.997461D+00
  0.999227D+00
  0.990432D+00
  0.836592D+00
  0.100000D+01
  0.100000D+01
  0.990564D+00
  0.990803D+00
  0.100000D+01
  0.997879D+00
  0.998077D+00
  0.971230D+00
  0.948323D+00
  0.991304D+00
  0.940852D+00
  0.905322D+00
  0.952903D+00
  0.967309D+00
  0.982128D+00
  0.924976D+00
  0.980268D+00
  0.795911D+00
  0.940771D+00
  0.509897D+00
  0.957641D+00
  0.996133D+00
  0.958934D+00
  0.987882D+00
  0.978914D+00
  0.996356D+00
  0.996789D+00
  0.988251D+00
  0.984077D+00
  0.923229D+00
  0.100000D+01
  0.953665D+00
  0.995991D+00
  0.827209D+00
  0.560651D+00
  0.100000D+01
  0.100000D+01
  0.995756D+00
  0.993125D+00
  0.998660D+00
  0.994602D+00
  0.594818D+00
  0.974292D+00
  0.988307D+00
  0.868667D+00
  0.925716D+00
  0.986423D+00
  0.998949D+00
  0.966023D+00
  0.988437D+00
  0.996172D+00
  0.998066D+00
  0.970178D+00
  0.954851D+00
  0.966069D+00
  0.925801D+00
  0.959544D+00
  0.952668D+00
  0.970270D+00
  0.100000D+01
  0.995700D+00
  0.990203D+00
  0.962364D+00
  0.866040D+00
  0.989131D+00
  0.742229D+00
  0.964312D+00
  0.984769D+00
  0.999552D+00
  0.951571D+00
  0.991304D+00
  0.911662D+00
  0.995937D+00
  0.972933D+00
  0.937496D+00
  0.998562D+00
  0.993525D+00
  0.939876D+00
  0.486959D+00
  0.974004D+00
  0.801098D+00
  0.981948D+00
  0.984411D+00
  0.795131D+00
  0.736100D+00
  0.960035D+00
  0.872695D+00
  0.899804D+00
  0.967774D+00
  0.900177D+00
  0.992973D+00
  0.979384D+00
  0.955480D+00
  0.909270D+00
  0.990357D+00
  0.964297D+00
  0.994966D+00
  0.946398D+00
  0.983249D+00
  0.928825D+00
  0.937920D+00
  0.910082D+00
  0.619657D+00
  0.786294D+00
  0.889012D+00
  0.957850D+00
  0.947920D+00
  0.977693D+00
  0.954960D+00
  0.995941D+00
  0.808120D+00
  0.875164D+00
  0.914015D+00
  0.869380D+00
  0.961576D+00
  0.708902D+00
  0.905286D+00
  0.899440D+00
  0.925627D+00
  0.903568D+00
  0.928239D+00
  0.993993D+00
  0.964063D+00
  0.993558D+00
  0.991332D+00
  0.995520D+00
  0.987897D+00
  0.971494D+00
  0.100000D+01
  0.929772D+00
  0.990634D+00
  0.986710D+00
  0.972576D+00
  0.963455D+00
  0.943277D+00
  0.913407D+00
  0.943623D+00
  0.404023D+00
  0.594608D+00
  0.750006D+00
  0.712435D+00
  0.927015D+00
  0.952307D+00
  0.954729D+00
  0.990566D+00
  0.880252D+00
  0.878945D+00
  0.995921D+00
  0.983644D+00
  0.964555D+00
  0.904544D+00
  0.727603D+00
  0.571711D+00
  0.997856D+00
  0.985084D+00
  0.992294D+00
  0.989678D+00
  0.976890D+00
  0.933513D+00
  0.960932D+00
  0.925282D+00
  0.926244D+00
  0.954163D+00
  0.930882D+00
  0.877663D+00
  0.943387D+00
  0.957834D+00
  0.935473D+00
  0.844108D+00
  0.962118D+00
  0.984439D+00
  0.989407D+00
  0.100000D+01
  0.586259D+00
  0.956933D+00
  0.913065D+00
  0.989285D+00
  0.986181D+00
  0.922097D+00
  0.994760D+00
  0.778966D+00
  0.942788D+00
  0.920531D+00
  0.987421D+00
  0.986601D+00
  0.927566D+00
  0.902694D+00
  0.958254D+00
  0.964535D+00
  0.958139D+00
  0.958661D+00
  0.578102D+00
  0.715014D+00
  0.991982D+00
  0.100000D+01
  0.982890D+00
  0.949935D+00
  0.923325D+00
  0.978257D+00
  0.954266D+00
  0.657296D+00
  0.870276D+00
  0.950644D+00
  0.982230D+00
  0.978079D+00
  0.927160D+00
  0.633591D+00
  0.403369D+00
  0.971079D+00
  0.492862D+00
  0.914814D+00
  0.997031D+00
  0.995657D+00
  0.986012D+00
  0.985982D+00
  0.983522D+00
  0.986935D+00
  0.980293D+00
  0.708688D+00
  0.993586D+00
  0.970661D+00
  0.946774D+00
  0.961512D+00
  0.883161D+00
  0.994678D+00
  0.931700D+00
  0.970200D+00
  0.999854D+00
  0.995016D+00
  0.995830D+00
  0.997891D+00
  0.996770D+00
  0.992293D+00
  0.980066D+00
