  0.100000D+01
  0.100000D+01
  0.100000D+01
  0.100000D+01
  0.100000D+01
  0.100000D+01
  0.100000D+01
  0.100000D+01
  0.123265D+00
  0.100000D+01
  0.100000D+01
  0.100000D+01
  0.100000D+01
  0.100000D+01
  0.100000D+01
  0.100000D+01
  0.100000D+01
  0.912590D+00
  0.100000D+01
  0.100000D+01
  0.643303D+00
  0.100000D+01
  0.100000D+01
  0.100000D+01
  0.930782D+00
  0.100000D+01
  0.484464D+00
  0.129308D+00
  0.990086D-01
  0.100000D+01
  0.100000D+01
  0.100000D+01
  0.100000D+01
  0.100000D+01
  0.100000D+01
  0.100000D+01
  0.100000D+01
  0.100000D+01
  0.108444D+00
  0.100000D+01
  0.100000D+01
  0.100000D+01
  0.125788D+00
  0.681510D-01
  0.100000D+01
  0.100000D+01
  0.100000D+01
  0.100000D+01
  0.100000D+01
  0.100000D+01
  0.896286D-01
  0.100000D+01
  0.100000D+01
  0.153849D+00
  0.100000D+01
  0.100000D+01
  0.960823D+00
  0.100000D+01
  0.100000D+01
  0.100000D+01
  0.100000D+01
  0.186316D+00
  0.123390D+00
  0.701569D-01
  0.442623D-01
  0.338101D-01
  0.269783D-01
  0.212192D-01
  0.195031D-01
  0.100000D+01
  0.100000D+01
  0.100000D+01
  0.122299D+00
  0.100000D+01
  0.146300D+00
  0.953844D+00
  0.100000D+01
  0.684574D+00
  0.166233D+00
  0.100000D+01
  0.100000D+01
  0.100000D+01
  0.100000D+01
  0.100000D+01
  0.100000D+01
  0.100000D+01
  0.100000D+01
  0.471966D-01
  0.100000D+01
  0.340283D+00
  0.100000D+01
  0.100000D+01
  0.449908D+00
  0.414719D+00
  0.100000D+01
  0.229713D+00
  0.606981D-01
  0.319662D-01
  0.255771D-01
  0.100000D+01
  0.907351D-01
  0.200580D-01
  0.153128D-01
  0.100000D+01
  0.196900D-01
  0.100000D+01
  0.100000D+01
  0.100000D+01
  0.891427D-01
  0.100000D+01
  0.894822D-01
  0.871444D-01
  0.573614D-01
  0.712379D-01
  0.324925D-01
  0.261828D-01
  0.100000D+01
  0.958362D-01
  0.100000D+01
  0.120768D+00
  0.292482D-01
  0.200322D-01
  0.169412D-01
  0.844165D-01
  0.199156D-01
  0.691979D-01
  0.375422D-01
  0.273414D-01
  0.209830D-01
  0.874842D-01
  0.100000D+01
  0.189050D-01
  0.100000D+01
  0.186182D-01
  0.100000D+01
  0.100000D+01
  0.938091D-01
  0.177963D-01
  0.147443D-01
  0.100000D+01
  0.100000D+01
  0.100000D+01
  0.100000D+01
  0.100000D+01
  0.100000D+01
  0.100000D+01
  0.284800D-01
  0.835301D-01
  0.835375D-01
  0.835500D-01
  0.100000D+01
  0.866245D-01
  0.882344D+00
  0.100000D+01
  0.107505D+00
  0.100000D+01
  0.100000D+01
  0.100000D+01
  0.100000D+01
  0.100000D+01
  0.472767D-01
  0.533260D-01
  0.100000D+01
  0.100000D+01
  0.100000D+01
  0.100000D+01
  0.100000D+01
  0.100000D+01
  0.100000D+01
  0.100000D+01
  0.100000D+01
  0.100000D+01
  0.100000D+01
  0.616894D-01
  0.100000D+01
  0.100000D+01
  0.100000D+01
  0.917439D-01
  0.100000D+01
  0.100000D+01
  0.100000D+01
  0.100000D+01
  0.414717D-01
  0.997579D-01
  0.372738D-01
  0.100000D+01
  0.100000D+01
  0.979791D-01
  0.100000D+01
  0.232529D-01
  0.976038D-02
  0.370432D-01
  0.100000D+01
  0.100000D+01
  0.100000D+01
  0.100000D+01
  0.100000D+01
  0.100000D+01
  0.100000D+01
  0.100000D+01
  0.435391D-01
  0.636672D-01
  0.100000D+01
  0.100000D+01
  0.100000D+01
  0.100000D+01
  0.100000D+01
  0.100000D+01
  0.100000D+01
  0.775935D-01
  0.999285D-01
  0.779858D+00
  0.100000D+01
  0.100000D+01
  0.100000D+01
  0.137247D+00
  0.466583D-01
  0.100000D+01
  0.683293D-01
  0.131609D+00
  0.100000D+01
  0.100000D+01
  0.100000D+01
  0.100000D+01
  0.100000D+01
  0.100000D+01
  0.100000D+01
  0.719168D-01
  0.100000D+01
  0.998985D+00
  0.546402D+00
  0.800597D+00
  0.184857D+00
  0.100000D+01
  0.125447D+00
  0.100000D+01
  0.100000D+01
  0.773657D+00
  0.938129D+00
  0.100000D+01
  0.100000D+01
  0.100000D+01
  0.100000D+01
