 -0.789366D+01
 -0.493181D+01
 -0.837313D+01
 -0.663590D+01
 -0.738131D+01
 -0.691334D+01
 -0.707790D+01
 -0.106242D+02
  0.895844D+00
 -0.746658D+01
 -0.903166D+01
 -0.136269D+02
 -0.225767D+02
 -0.164260D+02
 -0.137700D+02
 -0.115314D+02
 -0.656717D+00
  0.428637D+01
 -0.412579D+01
 -0.123779D+02
  0.419936D+01
 -0.601540D+01
 -0.320811D-01
 -0.619765D+01
  0.121232D+02
 -0.752809D+01
  0.237792D+02
  0.321419D-01
  0.429088D+01
 -0.619113D+01
 -0.108699D+02
 -0.164566D+01
 -0.211039D+02
 -0.622574D+00
 -0.409743D+01
 -0.374940D+01
 -0.196848D+01
 -0.221061D+01
  0.302733D+00
 -0.547388D+01
 -0.109551D+02
 -0.711740D+01
  0.184659D+01
  0.620132D+01
 -0.100111D+02
 -0.166543D+02
 -0.761794D+01
 -0.952290D+01
  0.628573D+01
 -0.486708D+01
  0.912395D+01
 -0.811794D+01
 -0.534257D+01
  0.694067D+00
 -0.984980D+00
  0.670594D+01
  0.588905D+00
 -0.113085D+02
  0.118830D+01
 -0.223172D+01
 -0.281084D+01
  0.134418D+00
  0.318834D+01
  0.168288D+01
  0.248214D+01
  0.119573D+01
  0.151099D+01
  0.123177D+01
  0.262477D+00
 -0.461270D+01
 -0.347435D+01
 -0.334419D+01
  0.547973D+00
 -0.659475D+01
  0.151269D+01
  0.643252D+01
  0.906087D+01
  0.620278D+01
  0.361546D+01
 -0.783845D+01
  0.387401D+02
 -0.257316D+01
  0.275983D+01
  0.531434D-01
 -0.580772D+01
 -0.719640D+01
 -0.360623D+01
  0.748190D+01
  0.151606D+02
  0.132716D+02
  0.230592D+00
  0.110313D+02
  0.244989D+02
  0.266686D+02
  0.275195D+02
  0.202352D+02
  0.413481D+01
  0.178787D+01
  0.140052D+01
 -0.178567D+01
  0.314408D-01
  0.913573D+00
  0.138893D+01
 -0.297943D+01
  0.156649D+01
 -0.484659D+01
 -0.280206D+01
 -0.237261D+01
  0.306153D-01
 -0.135557D+01
  0.603039D+00
  0.153718D+01
  0.937117D+00
  0.384782D+01
  0.184172D+01
  0.190187D+01
 -0.698124D+01
  0.190229D+00
 -0.336680D+01
  0.109690D+02
  0.823037D+01
  0.331308D+01
  0.206325D+01
  0.641113D-01
  0.414402D+01
  0.604461D+01
  0.566006D+01
  0.252099D+01
  0.223955D+01
  0.410979D+00
 -0.891932D+00
  0.881525D+00
 -0.788694D+00
  0.894154D+00
 -0.200496D+00
 -0.227162D+01
  0.115615D+00
  0.240869D+00
  0.168152D+01
 -0.394205D+01
 -0.521783D+01
 -0.645000D+01
 -0.698969D+01
 -0.468702D+01
 -0.238424D+01
 -0.471836D+01
  0.711305D+01
  0.176609D+01
  0.572408D+00
  0.139635D+01
 -0.198554D+01
  0.798132D-01
  0.522573D+01
 -0.670936D+01
  0.515415D+00
 -0.167255D+01
 -0.568910D+00
 -0.952522D+01
 -0.393975D+01
 -0.210437D+01
  0.276409D+01
  0.594799D+01
 -0.141667D+01
 -0.109540D+01
 -0.429222D+01
 -0.442329D+01
 -0.538325D+01
 -0.970156D+00
 -0.795988D+01
 -0.258395D+01
 -0.310096D+01
 -0.469273D+01
 -0.482944D+01
  0.189881D+00
 -0.792687D+01
 -0.891926D+01
 -0.684088D+01
  0.705193D+00
 -0.752588D+01
 -0.122867D+02
 -0.562015D+01
 -0.104825D+02
  0.569152D+01
  0.262258D+01
  0.376615D+01
 -0.371870D+01
  0.967852D+00
  0.625958D+01
 -0.126179D+01
  0.203221D+01
  0.236878D+01
  0.472113D+01
 -0.529948D+01
 -0.131259D+01
 -0.533731D+01
 -0.314620D+01
 -0.141326D+02
 -0.173452D+02
 -0.905763D+01
 -0.465429D+01
  0.481854D+01
  0.194001D+01
 -0.522727D+01
 -0.127419D+02
 -0.141862D+02
 -0.626365D+01
 -0.316980D+01
  0.270570D+01
 -0.366934D+01
  0.375835D+01
  0.614249D+00
  0.570483D+01
 -0.637363D+01
  0.149178D+02
 -0.215831D+01
  0.360360D+01
  0.145576D+02
 -0.761239D+01
  0.932594D+01
  0.896036D+00
 -0.207501D+01
 -0.827681D+00
  0.158415D+01
 -0.205661D+01
  0.220904D+02
 -0.116120D+01
 -0.531489D+01
  0.262383D+01
 -0.255625D+01
  0.884155D+00
  0.261126D+01
  0.706651D+01
  0.253732D+01
 -0.121317D+01
 -0.912137D-02
 -0.895977D+00
  0.121985D+02
  0.122849D+02
  0.928514D+01
 -0.338503D+01
 -0.158378D+01
 -0.115537D+02
 -0.163080D+01
