 -0.315747D+00
 -0.197273D+00
 -0.334925D+00
 -0.265436D+00
 -0.295253D+00
 -0.276533D+00
 -0.282101D+00
 -0.424970D+00
  0.226318D+00
 -0.298663D+00
 -0.361266D+00
 -0.545077D+00
 -0.901628D+00
 -0.656210D+00
 -0.550322D+00
 -0.461035D+00
 -0.156695D-01
  0.104367D+00
 -0.455661D-01
 -0.176147D+00
  0.992852D-01
 -0.104548D+00
 -0.627676D-03
 -0.130122D+00
  0.306867D+00
 -0.203851D+00
  0.145089D+01
  0.582777D-02
  0.113515D+01
 -0.232873D+00
 -0.420732D+00
 -0.647239D-01
 -0.836524D+00
 -0.247813D-01
 -0.601336D-01
 -0.280863D-01
 -0.137570D-01
 -0.435713D-02
  0.263730D-02
 -0.135910D-01
 -0.379451D-01
 -0.337125D-01
  0.510392D-01
  0.287141D+00
 -0.555120D-01
 -0.975363D-01
 -0.409656D-01
 -0.517924D-01
  0.345184D-01
 -0.287527D-01
  0.393513D+00
 -0.559819D-01
 -0.308663D-01
  0.212020D-01
 -0.684423D-02
  0.519509D-01
  0.512591D-02
 -0.103634D+00
  0.120158D-01
 -0.210434D-01
 -0.233052D-01
  0.396881D-02
  0.104185D+00
  0.498062D-01
  0.584631D-01
  0.190198D-01
  0.231299D-01
  0.114491D-01
  0.841451D-03
 -0.315748D-03
 -0.386742D-02
 -0.836326D-02
  0.124312D-01
 -0.262374D-01
  0.387827D-01
  0.408888D-01
  0.583980D-01
  0.437300D-01
  0.637727D-01
 -0.133081D-01
  0.118639D+00
 -0.117495D-01
  0.145616D-01
  0.312673D-03
 -0.372873D-01
 -0.485356D-01
 -0.247536D-01
  0.577032D+00
  0.122786D+00
  0.284336D+00
  0.203778D-02
  0.100883D+00
  0.496483D+00
  0.646385D+00
  0.329601D+00
  0.550423D+00
  0.305405D-01
  0.151243D-02
  0.000000D+00
 -0.364808D-04
  0.000000D+00
  0.000000D+00
  0.000000D+00
 -0.610037D-04
  0.815756D-02
 -0.972801D-02
 -0.108810D-01
 -0.477863D-02
  0.500408D-03
 -0.298254D-02
  0.192432D-01
  0.641036D-01
  0.536014D-01
  0.201635D+00
  0.826847D-01
  0.471550D-01
 -0.840591D-02
  0.935252D-03
 -0.677050D-02
  0.137390D+00
  0.904193D-01
  0.154880D-01
  0.336497D-02
  0.199218D-04
  0.403961D-02
  0.726448D-02
  0.505007D-02
  0.136835D-02
  0.876872D-03
  0.209221D-03
 -0.146867D-03
  0.137051D-02
 -0.155428D-03
  0.115022D-02
 -0.275635D-04
 -0.246915D-03
  0.494031D-04
  0.104656D-03
  0.477995D-03
 -0.140775D-03
 -0.285819D-03
 -0.107360D-02
 -0.204152D-02
 -0.200289D-02
 -0.125587D-02
 -0.279120D-02
  0.344663D-01
  0.743182D-02
  0.285154D-02
  0.725113D-02
 -0.211959D-02
  0.528512D-03
  0.747672D-02
 -0.798781D-02
  0.297211D-02
 -0.217946D-02
 -0.751782D-03
 -0.123094D-01
 -0.489409D-02
 -0.277591D-02
  0.275201D-01
  0.659807D-01
 -0.233865D-02
 -0.171278D-02
 -0.562990D-02
 -0.519577D-02
 -0.555583D-02
 -0.109063D-02
 -0.947291D-02
 -0.338008D-02
 -0.445347D-02
 -0.694490D-02
 -0.739525D-02
  0.215304D-02
 -0.151113D-01
 -0.184930D-01
 -0.154588D-01
  0.105254D-01
 -0.207424D-01
 -0.370673D-01
 -0.185017D-01
 -0.359409D-01
  0.190357D+00
  0.444864D-01
  0.841398D-01
 -0.848734D-02
  0.244585D-02
  0.841484D-01
 -0.162799D-02
  0.285684D-01
  0.332188D-01
  0.509702D-01
 -0.918699D-02
 -0.258781D-02
 -0.127374D-01
 -0.853301D-02
 -0.426618D-01
 -0.588246D-01
 -0.337121D-01
 -0.181053D-01
  0.189057D+00
  0.757581D-01
 -0.276491D-01
 -0.739174D-01
 -0.905643D-01
 -0.452380D-01
 -0.270199D-01
  0.276776D-01
 -0.445269D-01
  0.449376D+00
  0.793308D-01
  0.164872D+00
 -0.170672D+00
  0.456589D+00
 -0.729564D-01
  0.759675D+00
  0.656353D+01
 -0.300011D+00
  0.351293D+01
  0.215078D+00
 -0.829448D-01
 -0.330973D-01
  0.633582D-01
 -0.822643D-01
  0.692554D+00
 -0.294552D-01
 -0.138579D+00
  0.673974D+00
 -0.806773D-01
  0.306478D-01
  0.172972D+00
  0.337592D+00
  0.456097D+00
 -0.478333D-01
 -0.225972D-02
 -0.357740D-01
  0.487675D+00
  0.627695D+00
  0.394859D+00
 -0.135401D+00
 -0.633511D-01
 -0.462149D+00
 -0.652319D-01
