  0.000000D+00
  0.000000D+00
  0.000000D+00
  0.000000D+00
  0.000000D+00
  0.000000D+00
 -0.114463D-02
 -0.600877D-09
  0.000000D+00
  0.000000D+00
  0.000000D+00
  0.000000D+00
  0.000000D+00
  0.000000D+00
  0.000000D+00
  0.000000D+00
  0.000000D+00
  0.000000D+00
 -0.156210D-01
 -0.953025D-02
  0.000000D+00
 -0.131555D-09
 -0.263989D-05
 -0.430723D-02
  0.000000D+00
  0.000000D+00
  0.000000D+00
  0.000000D+00
  0.000000D+00
  0.000000D+00
  0.000000D+00
  0.000000D+00
  0.000000D+00
  0.000000D+00
 -0.162325D-01
 -0.234931D-01
 -0.142029D-01
 -0.165902D-01
  0.127503D-01
 -0.215078D-01
 -0.299670D-01
 -0.939874D-02
  0.111912D-01
  0.684128D-02
 -0.728736D-02
 -0.103399D-01
 -0.706035D-02
 -0.102973D-01
  0.556798D-02
 -0.221086D-02
  0.898986D-02
 -0.168662D-02
 -0.540339D-02
  0.296132D-02
 -0.364276D-03
  0.000000D+00
  0.000000D+00
 -0.937806D-08
  0.000000D+00
 -0.320488D-03
 -0.977925D-03
  0.137837D-02
  0.450946D-01
  0.449315D-01
  0.123609D+00
  0.815461D-01
  0.115001D+00
  0.110527D+00
  0.260107D-01
 -0.363978D-01
 -0.233295D-01
 -0.172308D-01
  0.112079D-01
 -0.222030D-01
  0.176537D-01
  0.750201D-02
  0.438655D-02
  0.000000D+00
  0.262438D-01
 -0.331221D-01
  0.105203D+00
 -0.260175D-02
  0.931486D-03
  0.405632D-05
 -0.195082D-04
 -0.893006D-03
 -0.159545D-02
  0.000000D+00
  0.000000D+00
  0.000000D+00
  0.105094D-11
  0.000000D+00
  0.000000D+00
  0.000000D+00
  0.000000D+00
  0.000000D+00
  0.312664D+00
  0.197275D+00
  0.160536D+00
 -0.167950D-01
  0.207677D-02
  0.113868D+00
  0.184780D+00
 -0.281323D-01
  0.168893D+00
 -0.308173D-01
 -0.118922D-01
 -0.152766D-01
  0.133053D-02
 -0.850167D-02
  0.157277D-01
  0.250021D-01
  0.147124D-01
  0.493089D-01
  0.333324D-01
  0.426498D-01
 -0.256626D-01
  0.483666D-02
 -0.861137D-02
  0.120624D+00
  0.181460D+00
  0.696676D-01
  0.492729D-01
  0.106037D-02
  0.101885D+00
  0.775181D-01
  0.695658D-01
  0.283582D-01
  0.247735D-01
  0.322075D-02
 -0.134443D-02
  0.942926D-02
 -0.116295D-02
  0.101153D-01
 -0.309809D-03
 -0.358805D-02
  0.941860D-03
  0.304883D-02
  0.220988D-01
 -0.656932D-02
 -0.859021D-02
 -0.981600D-02
 -0.965865D-02
 -0.576942D-02
 -0.267274D-02
 -0.495947D-02
  0.505647D-01
  0.813316D-02
  0.223373D-02
  0.531744D-02
 -0.119641D-02
  0.202694D-03
  0.222252D-02
 -0.296221D-02
  0.117521D-02
 -0.644275D-03
 -0.186136D-03
 -0.369561D-02
 -0.187265D-02
 -0.903132D-03
  0.634539D-02
  0.579947D-02
 -0.256436D-03
 -0.375761D-03
 -0.286309D-02
 -0.372737D-02
 -0.545904D-02
 -0.899542D-03
 -0.698358D-02
 -0.201355D-02
 -0.212175D-02
 -0.324736D-02
 -0.334834D-02
  0.780326D-03
 -0.343934D-02
 -0.322606D-02
 -0.197628D-02
  0.000000D+00
 -0.676325D-03
 -0.450102D-03
 -0.107130D-03
 -0.152490D-02
  0.000000D+00
  0.000000D+00
  0.000000D+00
 -0.344130D-02
  0.698832D-03
  0.345247D-01
 -0.260388D-02
  0.392045D-01
  0.437258D-01
  0.592750D-01
 -0.567072D-02
 -0.108748D-02
 -0.242946D-02
 -0.824198D-03
 -0.232035D-02
 -0.113735D-02
 -0.770073D-03
 -0.147707D-02
  0.000000D+00
  0.000000D+00
 -0.622289D-04
 -0.442930D-05
 -0.188980D-03
 -0.828500D-05
 -0.277931D-07
  0.000000D+00
  0.000000D+00
  0.000000D+00
  0.000000D+00
  0.000000D+00
  0.000000D+00
  0.000000D+00
  0.000000D+00
  0.000000D+00
  0.000000D+00
  0.000000D+00
  0.000000D+00
  0.000000D+00
  0.000000D+00
  0.000000D+00
  0.000000D+00
  0.000000D+00
  0.000000D+00
 -0.181106D-04
 -0.313157D-02
  0.000000D+00
  0.000000D+00
  0.000000D+00
  0.000000D+00
  0.000000D+00
  0.000000D+00
  0.000000D+00
  0.000000D+00
  0.000000D+00
  0.000000D+00
  0.000000D+00
  0.000000D+00
  0.000000D+00
  0.000000D+00
  0.000000D+00
  0.000000D+00
