  0.000000D+00
  0.000000D+00
  0.000000D+00
  0.000000D+00
  0.000000D+00
  0.000000D+00
 -0.114463D-02
 -0.600877D-09
  0.000000D+00
  0.000000D+00
  0.000000D+00
  0.000000D+00
 -0.186095D-02
 -0.104349D-02
 -0.589129D-03
 -0.273051D-03
 -0.154036D-01
  0.114770D+00
 -0.175358D+00
 -0.455638D+00
  0.214955D+00
 -0.182653D+00
 -0.855784D-03
 -0.150444D+00
  0.268510D+00
 -0.120974D+00
  0.525676D+00
  0.148427D-02
  0.155648D+00
 -0.178212D-01
 -0.169280D-01
 -0.132549D-02
 -0.916690D-02
 -0.146126D-03
 -0.149493D+00
 -0.181143D+00
 -0.915279D-01
 -0.136034D+00
  0.114703D+00
 -0.373616D+00
 -0.707212D+00
 -0.434410D+00
  0.599524D+00
  0.277216D+01
 -0.567444D+00
 -0.916867D+00
 -0.430171D+00
 -0.526521D+00
  0.350829D+00
 -0.267701D+00
  0.338152D+01
 -0.415850D+00
 -0.290484D+00
  0.179396D+00
 -0.500946D-01
  0.326339D+00
  0.285994D-01
 -0.504417D+00
  0.502537D-01
 -0.995064D-01
 -0.135571D+00
  0.283088D-01
  0.962904D+00
  0.768009D+00
  0.141808D+01
  0.763828D+00
  0.103740D+01
  0.910576D+00
  0.199513D+00
 -0.271750D+00
 -0.199989D+00
 -0.186796D+00
  0.171200D+00
 -0.358812D+00
  0.409066D+00
  0.347149D+00
  0.471480D+00
  0.542306D+00
  0.101484D+01
 -0.496628D+00
  0.236851D+01
 -0.152021D+00
  0.158733D+00
  0.293795D-02
 -0.308358D+00
 -0.370574D+00
 -0.181603D+00
  0.358719D+01
  0.723451D+00
  0.169112D+01
  0.105523D-01
  0.497849D+00
  0.222890D+01
  0.245886D+01
  0.106001D+01
  0.365121D+01
  0.205900D+01
  0.117237D+01
  0.988765D+00
 -0.102394D+00
  0.125656D-01
  0.684924D+00
  0.110591D+01
 -0.167695D+00
  0.117942D+01
 -0.270767D+00
 -0.149891D+00
 -0.131142D+00
  0.118796D-01
 -0.742030D-01
  0.222698D+00
  0.560555D+00
  0.423086D+00
  0.154741D+01
  0.117287D+01
  0.139054D+01
 -0.500452D+00
  0.841379D-01
 -0.235742D+00
  0.418455D+01
  0.612904D+01
  0.277168D+01
  0.177635D+01
  0.352063D-01
  0.346103D+01
  0.380037D+01
  0.441498D+01
  0.211989D+01
  0.195975D+01
  0.254263D+00
 -0.108356D+00
  0.772366D+00
 -0.928091D-01
  0.782503D+00
 -0.231675D-01
 -0.260850D+00
  0.669155D-01
  0.211473D+00
  0.150753D+01
 -0.446422D+00
 -0.589470D+00
 -0.726358D+00
 -0.784688D+00
 -0.524612D+00
 -0.266179D+00
 -0.525519D+00
  0.576536D+01
  0.105175D+01
  0.339142D+00
  0.824415D+00
 -0.213387D+00
  0.458266D-01
  0.629674D+00
 -0.740734D+00
  0.272970D+00
 -0.178826D+00
 -0.623699D-01
 -0.103101D+01
 -0.420603D+00
 -0.220902D+00
  0.193691D+01
  0.396978D+01
 -0.145023D+00
 -0.109692D+00
 -0.424746D+00
 -0.434553D+00
 -0.526925D+00
 -0.942417D-01
 -0.766648D+00
 -0.246082D+00
 -0.291132D+00
 -0.434297D+00
 -0.440597D+00
  0.115516D+00
 -0.694984D+00
 -0.762721D+00
 -0.569030D+00
  0.339634D+00
 -0.586262D+00
 -0.921436D+00
 -0.404375D+00
 -0.729001D+00
  0.349271D+01
  0.118805D+01
  0.258057D+01
 -0.293915D+00
  0.746940D-01
  0.286412D+01
 -0.992779D-01
  0.157121D+01
  0.210927D+01
  0.335941D+01
 -0.449592D+00
 -0.109467D+00
 -0.432521D+00
 -0.245793D+00
 -0.105783D+01
 -0.123714D+01
 -0.614787D+00
 -0.302439D+00
  0.280036D+01
  0.933074D+00
 -0.301048D+00
 -0.703131D+00
 -0.748033D+00
 -0.311799D+00
 -0.145636D+00
  0.113165D+00
 -0.139232D+00
  0.103475D+01
  0.121090D+00
  0.155484D+00
 -0.104019D+00
  0.171095D+00
 -0.162149D-01
  0.921547D-01
  0.334891D+00
 -0.538233D-02
  0.221286D-01
  0.446067D-03
 -0.664711D-04
 -0.119579D-04
  0.952335D-05
  0.000000D+00
  0.266283D+00
 -0.235097D-01
 -0.971544D-01
  0.337166D+00
 -0.270150D-01
  0.585962D-02
  0.145883D-01
  0.145108D-01
  0.124484D-01
 -0.837036D-03
 -0.167369D-04
 -0.782954D-04
  0.317975D-03
  0.139441D-03
  0.000000D+00
  0.000000D+00
  0.000000D+00
  0.000000D+00
  0.000000D+00
