 -0.757792D+01
 -0.473454D+01
 -0.803821D+01
 -0.637046D+01
 -0.708606D+01
 -0.663680D+01
 -0.679465D+01
 -0.101993D+02
  0.115934D+00
 -0.716792D+01
 -0.867039D+01
 -0.130818D+02
 -0.216732D+02
 -0.157688D+02
 -0.132190D+02
 -0.110701D+02
 -0.625644D+00
  0.405525D+01
 -0.390487D+01
 -0.117461D+02
  0.373796D+01
 -0.572820D+01
 -0.305976D-01
 -0.591709D+01
  0.115131D+02
 -0.720327D+01
  0.213487D+02
  0.104571D-01
  0.518523D+00
 -0.594044D+01
 -0.104322D+02
 -0.157962D+01
 -0.202582D+02
 -0.597647D+00
 -0.388781D+01
 -0.354017D+01
 -0.186319D+01
 -0.207022D+01
  0.139705D+00
 -0.508667D+01
 -0.102099D+02
 -0.664928D+01
  0.883974D+00
  0.975011D+00
 -0.938816D+01
 -0.156399D+02
 -0.714680D+01
 -0.894459D+01
  0.590038D+01
 -0.457063D+01
  0.313572D+01
 -0.764611D+01
 -0.502122D+01
  0.251589D+00
 -0.928041D+00
  0.632765D+01
  0.553170D+00
 -0.107005D+02
  0.112603D+01
 -0.211117D+01
 -0.265196D+01
  0.625618D-01
  0.196456D+01
  0.739245D+00
  0.791836D+00
  0.276258D+00
  0.283063D+00
  0.177935D+00
  0.264433D-01
 -0.434063D+01
 -0.327049D+01
 -0.314903D+01
  0.142620D+00
 -0.620970D+01
  0.511577D+00
  0.603316D+01
  0.853099D+01
  0.558748D+01
  0.240512D+01
 -0.732851D+01
  0.362530D+02
 -0.240939D+01
  0.258654D+01
  0.498927D-01
 -0.546208D+01
 -0.677729D+01
 -0.339987D+01
  0.420886D+00
  0.143144D+02
  0.105898D+02
  0.218002D+00
  0.104326D+02
  0.209738D+02
  0.229685D+02
  0.261299D+02
  0.157867D+02
  0.180928D+01
  0.505232D+00
  0.268676D+00
 -0.168324D+01
  0.336825D-02
  0.131323D+00
  0.134992D+00
 -0.281167D+01
  0.202268D+00
 -0.456610D+01
 -0.264129D+01
 -0.223669D+01
  0.340270D-02
 -0.127838D+01
  0.130592D+00
  0.140304D+00
  0.570834D-01
  0.183583D+01
  0.415991D+00
  0.298423D+00
 -0.647238D+01
  0.155939D-01
 -0.312428D+01
  0.627980D+01
  0.175497D+01
  0.317655D+00
  0.129656D+00
  0.265302D-02
  0.897706D-01
  0.201529D+01
  0.104919D+01
  0.235095D+00
  0.130801D+00
  0.677704D-02
 -0.783430D+00
  0.428433D-01
 -0.695729D+00
  0.494313D-01
 -0.177301D+00
 -0.201053D+01
  0.451304D-02
  0.828189D-02
  0.410209D-01
 -0.349548D+01
 -0.462808D+01
 -0.572257D+01
 -0.620296D+01
 -0.416041D+01
 -0.211680D+01
 -0.419005D+01
  0.307123D+00
  0.518460D-02
  0.437982D-03
  0.266976D-03
 -0.177003D+01
  0.536729D-03
  0.456686D+01
 -0.596064D+01
  0.534385D-01
 -0.149154D+01
 -0.505788D+00
 -0.848189D+01
 -0.351425D+01
 -0.188069D+01
  0.542350D-01
  0.301927D-01
 -0.126931D+01
 -0.983997D+00
 -0.386184D+01
 -0.398354D+01
 -0.485077D+01
 -0.874823D+00
 -0.718376D+01
 -0.233449D+01
 -0.280537D+01
 -0.425149D+01
 -0.438145D+01
  0.100768D-01
 -0.721678D+01
 -0.813805D+01
 -0.625639D+01
  0.240511D-01
 -0.691888D+01
 -0.113282D+02
 -0.519727D+01
 -0.971757D+01
  0.360914D+00
  0.126202D+01
  0.880596D+00
 -0.341629D+01
  0.890712D+00
  0.307346D+01
 -0.116089D+01
  0.128363D-01
  0.685268D-02
  0.104884D+01
 -0.484071D+01
 -0.120053D+01
 -0.489205D+01
 -0.289187D+01
 -0.130321D+02
 -0.160492D+02
 -0.840913D+01
 -0.433375D+01
  0.550536D-01
  0.438850D-03
 -0.489857D+01
 -0.119649D+02
 -0.133476D+02
 -0.590661D+01
 -0.299714D+01
  0.256486D+01
 -0.348558D+01
  0.122262D-01
  0.144434D-01
  0.532288D+01
 -0.609894D+01
  0.142901D+02
 -0.206914D+01
  0.446793D-02
  0.780325D-03
 -0.730700D+01
  0.488324D-01
  0.158618D-03
 -0.199199D+01
 -0.794572D+00
  0.152078D+01
 -0.197434D+01
  0.211316D+02
 -0.110823D+01
 -0.507916D+01
  0.665736D-02
 -0.244856D+01
  0.847561D+00
  0.221953D+01
  0.665136D+01
  0.173673D+01
 -0.116450D+01
 -0.741255D-03
 -0.860125D+00
  0.117105D+02
  0.115985D+02
  0.887459D+01
 -0.324963D+01
 -0.152043D+01
 -0.110916D+02
 -0.156556D+01
