  0.000000D+00
  0.000000D+00
  0.000000D+00
  0.000000D+00
  0.000000D+00
  0.000000D+00
  0.000000D+00
  0.000000D+00
  0.000000D+00
  0.000000D+00
  0.000000D+00
  0.000000D+00
 -0.186095D-02
 -0.104349D-02
 -0.589129D-03
 -0.273051D-03
 -0.154036D-01
  0.114770D+00
 -0.159737D+00
 -0.446108D+00
  0.214955D+00
 -0.182653D+00
 -0.853144D-03
 -0.146136D+00
  0.268510D+00
 -0.120974D+00
  0.525676D+00
  0.148427D-02
  0.155648D+00
 -0.178212D-01
 -0.169280D-01
 -0.132549D-02
 -0.916690D-02
 -0.146126D-03
 -0.133260D+00
 -0.157650D+00
 -0.773250D-01
 -0.119444D+00
  0.101953D+00
 -0.352108D+00
 -0.677245D+00
 -0.425012D+00
  0.588333D+00
  0.276532D+01
 -0.560157D+00
 -0.906527D+00
 -0.423111D+00
 -0.516223D+00
  0.345261D+00
 -0.265490D+00
  0.337253D+01
 -0.414164D+00
 -0.285080D+00
  0.176435D+00
 -0.497303D-01
  0.326339D+00
  0.285994D-01
 -0.504417D+00
  0.502537D-01
 -0.991859D-01
 -0.134593D+00
  0.269305D-01
  0.917810D+00
  0.723078D+00
  0.129447D+01
  0.682282D+00
  0.922398D+00
  0.800049D+00
  0.173503D+00
 -0.235352D+00
 -0.176660D+00
 -0.169565D+00
  0.159992D+00
 -0.336609D+00
  0.391412D+00
  0.339647D+00
  0.467093D+00
  0.542306D+00
  0.988601D+00
 -0.463506D+00
  0.226331D+01
 -0.149419D+00
  0.157802D+00
  0.293390D-02
 -0.308339D+00
 -0.369681D+00
 -0.180008D+00
  0.358719D+01
  0.723451D+00
  0.169112D+01
  0.105523D-01
  0.497849D+00
  0.222890D+01
  0.245886D+01
  0.106001D+01
  0.365121D+01
  0.174634D+01
  0.975096D+00
  0.828229D+00
 -0.855989D-01
  0.104888D-01
  0.571056D+00
  0.921125D+00
 -0.139563D+00
  0.101052D+01
 -0.239950D+00
 -0.137998D+00
 -0.115866D+00
  0.105490D-01
 -0.657013D-01
  0.206971D+00
  0.535553D+00
  0.408374D+00
  0.149810D+01
  0.113953D+01
  0.134789D+01
 -0.474789D+00
  0.793012D-01
 -0.227131D+00
  0.406393D+01
  0.594758D+01
  0.270201D+01
  0.172707D+01
  0.341459D-01
  0.335915D+01
  0.372285D+01
  0.434542D+01
  0.209153D+01
  0.193497D+01
  0.251042D+00
 -0.107011D+00
  0.762937D+00
 -0.916462D-01
  0.772387D+00
 -0.228577D-01
 -0.257262D+00
  0.659737D-01
  0.208424D+00
  0.148544D+01
 -0.439853D+00
 -0.580880D+00
 -0.716542D+00
 -0.775030D+00
 -0.518843D+00
 -0.263506D+00
 -0.520560D+00
  0.571479D+01
  0.104361D+01
  0.336908D+00
  0.819097D+00
 -0.212190D+00
  0.456239D-01
  0.627451D+00
 -0.737772D+00
  0.271795D+00
 -0.178182D+00
 -0.621838D-01
 -0.102732D+01
 -0.418730D+00
 -0.219999D+00
  0.193056D+01
  0.396398D+01
 -0.144767D+00
 -0.109317D+00
 -0.421883D+00
 -0.430826D+00
 -0.521465D+00
 -0.933422D-01
 -0.759665D+00
 -0.244068D+00
 -0.289011D+00
 -0.431049D+00
 -0.437249D+00
  0.114735D+00
 -0.691544D+00
 -0.759495D+00
 -0.567054D+00
  0.339634D+00
 -0.585586D+00
 -0.920986D+00
 -0.404268D+00
 -0.727477D+00
  0.349271D+01
  0.118805D+01
  0.258057D+01
 -0.290474D+00
  0.739951D-01
  0.282959D+01
 -0.966740D-01
  0.153201D+01
  0.206555D+01
  0.330013D+01
 -0.443921D+00
 -0.108379D+00
 -0.430092D+00
 -0.244969D+00
 -0.105551D+01
 -0.123600D+01
 -0.614017D+00
 -0.300962D+00
  0.280036D+01
  0.933074D+00
 -0.300986D+00
 -0.703126D+00
 -0.747844D+00
 -0.311791D+00
 -0.145636D+00
  0.113165D+00
 -0.139232D+00
  0.103475D+01
  0.121090D+00
  0.155484D+00
 -0.104019D+00
  0.171095D+00
 -0.162149D-01
  0.921547D-01
  0.334891D+00
 -0.538233D-02
  0.221286D-01
  0.446067D-03
 -0.664711D-04
 -0.119579D-04
  0.952335D-05
  0.000000D+00
  0.266283D+00
 -0.234916D-01
 -0.940228D-01
  0.337166D+00
 -0.270150D-01
  0.585962D-02
  0.145883D-01
  0.145108D-01
  0.124484D-01
 -0.837036D-03
 -0.167369D-04
 -0.782954D-04
  0.317975D-03
  0.139441D-03
  0.000000D+00
  0.000000D+00
  0.000000D+00
  0.000000D+00
  0.000000D+00
