  0.000000D+00
  0.000000D+00
  0.000000D+00
  0.000000D+00
  0.000000D+00
  0.000000D+00
  0.000000D+00
  0.000000D+00
  0.553593D+00
  0.000000D+00
  0.000000D+00
  0.000000D+00
  0.000000D+00
  0.000000D+00
  0.000000D+00
  0.000000D+00
  0.000000D+00
  0.119833D-01
  0.000000D+00
  0.000000D+00
  0.147155D+00
  0.000000D+00
  0.000000D+00
  0.000000D+00
  0.347097D-01
  0.000000D+00
  0.453860D+00
  0.143728D-01
  0.248157D+01
  0.000000D+00
  0.000000D+00
  0.000000D+00
  0.000000D+00
  0.000000D+00
  0.000000D+00
  0.000000D+00
  0.000000D+00
  0.000000D+00
  0.456873D-01
  0.000000D+00
  0.000000D+00
  0.000000D+00
  0.312050D+00
  0.216701D+01
  0.000000D+00
  0.000000D+00
  0.000000D+00
  0.000000D+00
  0.000000D+00
  0.000000D+00
  0.221320D+01
  0.000000D+00
  0.000000D+00
  0.241880D+00
  0.000000D+00
  0.000000D+00
  0.200912D-02
  0.000000D+00
  0.000000D+00
  0.000000D+00
  0.000000D+00
  0.395781D-01
  0.156696D+00
  0.125823D+00
  0.213764D+00
  0.136623D+00
  0.167394D+00
  0.131813D+00
  0.356785D-01
  0.000000D+00
  0.000000D+00
  0.000000D+00
  0.221721D+00
  0.000000D+00
  0.553269D+00
  0.113217D-01
  0.000000D+00
  0.292689D-01
  0.131724D+00
  0.000000D+00
  0.000000D+00
  0.000000D+00
  0.000000D+00
  0.000000D+00
  0.000000D+00
  0.000000D+00
  0.000000D+00
  0.289679D+01
  0.000000D+00
  0.706293D+00
  0.000000D+00
  0.000000D+00
  0.799743D+00
  0.594819D+00
  0.000000D+00
  0.246917D+00
  0.235991D+00
  0.108755D+00
  0.143083D+00
  0.000000D+00
  0.155070D-01
  0.973266D-01
  0.148032D+00
  0.000000D+00
  0.176649D+00
  0.000000D+00
  0.000000D+00
  0.000000D+00
  0.148327D-01
  0.000000D+00
  0.230506D+00
  0.772215D+00
  0.403345D+00
  0.262943D+00
  0.170173D+00
  0.165757D+00
  0.000000D+00
  0.895622D-01
  0.000000D+00
  0.367241D+00
  0.255935D+00
  0.208265D+00
  0.153886D+00
  0.262320D-01
  0.589174D+00
  0.221684D+00
  0.190840D+00
  0.164637D+00
  0.148121D+00
  0.149730D+00
  0.000000D+00
  0.649452D-01
  0.000000D+00
  0.610698D-01
  0.000000D+00
  0.000000D+00
  0.441372D-01
  0.210094D-01
  0.132483D+00
  0.000000D+00
  0.000000D+00
  0.000000D+00
  0.000000D+00
  0.000000D+00
  0.000000D+00
  0.000000D+00
  0.100610D+01
  0.701728D+00
  0.229977D+00
  0.564414D+00
  0.000000D+00
  0.329214D-01
  0.217216D-01
  0.000000D+00
  0.186034D+00
  0.000000D+00
  0.000000D+00
  0.000000D+00
  0.000000D+00
  0.000000D+00
  0.745427D+00
  0.188203D+01
  0.000000D+00
  0.000000D+00
  0.000000D+00
  0.000000D+00
  0.000000D+00
  0.000000D+00
  0.000000D+00
  0.000000D+00
  0.000000D+00
  0.000000D+00
  0.000000D+00
  0.621350D-01
  0.000000D+00
  0.000000D+00
  0.000000D+00
  0.330983D+00
  0.000000D+00
  0.000000D+00
  0.000000D+00
  0.000000D+00
  0.164754D+01
  0.128019D+00
  0.220847D+00
  0.000000D+00
  0.000000D+00
  0.237846D+00
  0.000000D+00
  0.419591D+00
  0.219435D+00
  0.261907D+00
  0.000000D+00
  0.000000D+00
  0.000000D+00
  0.000000D+00
  0.000000D+00
  0.000000D+00
  0.000000D+00
  0.000000D+00
  0.177408D+01
  0.930735D+00
  0.000000D+00
  0.000000D+00
  0.000000D+00
  0.000000D+00
  0.000000D+00
  0.000000D+00
  0.000000D+00
  0.226199D+01
  0.399385D+00
  0.615941D-01
  0.000000D+00
  0.000000D+00
  0.000000D+00
  0.274731D+01
  0.765836D+01
  0.000000D+00
  0.574204D+01
  0.680354D+00
  0.000000D+00
  0.000000D+00
  0.000000D+00
  0.000000D+00
  0.000000D+00
  0.000000D+00
  0.000000D+00
  0.160603D+01
  0.000000D+00
  0.868628D-04
  0.204173D+00
  0.630502D-01
  0.332039D+00
  0.000000D+00
 -0.610366D-02
  0.000000D+00
  0.000000D+00
  0.585503D-01
  0.156938D-01
  0.000000D+00
  0.000000D+00
  0.000000D+00
  0.000000D+00
