 -0.757792D+01
 -0.473454D+01
 -0.803821D+01
 -0.637046D+01
 -0.708606D+01
 -0.663680D+01
 -0.679465D+01
 -0.101993D+02
  0.669527D+00
 -0.716792D+01
 -0.867039D+01
 -0.130818D+02
 -0.216732D+02
 -0.157688D+02
 -0.132190D+02
 -0.110701D+02
 -0.625644D+00
  0.406723D+01
 -0.390487D+01
 -0.117461D+02
  0.388512D+01
 -0.572820D+01
 -0.305976D-01
 -0.591709D+01
  0.115478D+02
 -0.720327D+01
  0.218026D+02
  0.248299D-01
  0.300009D+01
 -0.594044D+01
 -0.104322D+02
 -0.157962D+01
 -0.202582D+02
 -0.597647D+00
 -0.388781D+01
 -0.354017D+01
 -0.186319D+01
 -0.207022D+01
  0.185392D+00
 -0.508667D+01
 -0.102099D+02
 -0.664928D+01
  0.119602D+01
  0.314202D+01
 -0.938816D+01
 -0.156399D+02
 -0.714680D+01
 -0.894459D+01
  0.590038D+01
 -0.457063D+01
  0.534892D+01
 -0.764611D+01
 -0.502122D+01
  0.493469D+00
 -0.928041D+00
  0.632765D+01
  0.555179D+00
 -0.107005D+02
  0.112603D+01
 -0.211117D+01
 -0.265196D+01
  0.102140D+00
  0.212126D+01
  0.865068D+00
  0.100560D+01
  0.412882D+00
  0.450457D+00
  0.309748D+00
  0.621218D-01
 -0.434063D+01
 -0.327049D+01
 -0.314903D+01
  0.364341D+00
 -0.620970D+01
  0.106485D+01
  0.604448D+01
  0.853099D+01
  0.561675D+01
  0.253684D+01
 -0.732851D+01
  0.362530D+02
 -0.240939D+01
  0.258654D+01
  0.498927D-01
 -0.546208D+01
 -0.677729D+01
 -0.339987D+01
  0.331768D+01
  0.143144D+02
  0.112961D+02
  0.218002D+00
  0.104326D+02
  0.217735D+02
  0.235633D+02
  0.261299D+02
  0.160336D+02
  0.204527D+01
  0.613987D+00
  0.411760D+00
 -0.168324D+01
  0.188752D-01
  0.228649D+00
  0.283023D+00
 -0.281167D+01
  0.378917D+00
 -0.456610D+01
 -0.264129D+01
 -0.223669D+01
  0.182354D-01
 -0.127838D+01
  0.361097D+00
  0.912519D+00
  0.460429D+00
  0.209877D+01
  0.586164D+00
  0.464180D+00
 -0.647238D+01
  0.105156D+00
 -0.312428D+01
  0.664704D+01
  0.201091D+01
  0.525920D+00
  0.283542D+00
  0.288851D-01
  0.678944D+00
  0.223698D+01
  0.124003D+01
  0.399733D+00
  0.278922D+00
  0.156507D+00
 -0.783430D+00
  0.107788D+00
 -0.695729D+00
  0.110501D+00
 -0.177301D+00
 -0.201053D+01
  0.486503D-01
  0.292913D-01
  0.173504D+00
 -0.349548D+01
 -0.462808D+01
 -0.572257D+01
 -0.620296D+01
 -0.416041D+01
 -0.211680D+01
 -0.419005D+01
  0.131322D+01
  0.706912D+00
  0.230415D+00
  0.564681D+00
 -0.177003D+01
  0.334581D-01
  0.458858D+01
 -0.596064D+01
  0.239473D+00
 -0.149154D+01
 -0.505788D+00
 -0.848189D+01
 -0.351425D+01
 -0.188069D+01
  0.799662D+00
  0.191222D+01
 -0.126931D+01
 -0.983997D+00
 -0.386184D+01
 -0.398354D+01
 -0.485077D+01
 -0.874823D+00
 -0.718376D+01
 -0.233449D+01
 -0.280537D+01
 -0.425149D+01
 -0.438145D+01
  0.722118D-01
 -0.721678D+01
 -0.813805D+01
 -0.625639D+01
  0.355034D+00
 -0.691888D+01
 -0.113282D+02
 -0.519727D+01
 -0.971757D+01
  0.200846D+01
  0.139003D+01
  0.110144D+01
 -0.341629D+01
  0.890712D+00
  0.331131D+01
 -0.116089D+01
  0.432427D+00
  0.226288D+00
  0.131075D+01
 -0.484071D+01
 -0.120053D+01
 -0.489205D+01
 -0.289187D+01
 -0.130321D+02
 -0.160492D+02
 -0.840913D+01
 -0.433375D+01
  0.182913D+01
  0.931174D+00
 -0.489857D+01
 -0.119649D+02
 -0.133476D+02
 -0.590661D+01
 -0.299714D+01
  0.256486D+01
 -0.348558D+01
  0.227422D+01
  0.413828D+00
  0.538447D+01
 -0.609894D+01
  0.142901D+02
 -0.206914D+01
  0.275177D+01
  0.765914D+01
 -0.730700D+01
  0.579087D+01
  0.680512D+00
 -0.199199D+01
 -0.794572D+00
  0.152078D+01
 -0.197434D+01
  0.211316D+02
 -0.110823D+01
 -0.507916D+01
  0.161269D+01
 -0.244856D+01
  0.847648D+00
  0.242370D+01
  0.671441D+01
  0.206877D+01
 -0.116450D+01
 -0.684491D-02
 -0.860125D+00
  0.117105D+02
  0.116570D+02
  0.889029D+01
 -0.324963D+01
 -0.152043D+01
 -0.110916D+02
 -0.156556D+01
