  0.279988D+00
  0.663971D+00
  0.415982D+00
  0.159993D+00
  0.591974D+00
  0.295987D+00
  0.415982D+00
  0.431981D+00
  0.663971D+00
  0.399982D-01
  0.215990D+00
  0.999956D+00
  0.143195D+01
  0.511982D+00
  0.287989D+00
  0.279989D+00
  0.152516D+01
  0.136484D+01
  0.627547D+00
  0.538829D+00
  0.103710D+01
  0.988353D+00
  0.947644D+00
  0.152519D+00
  0.186956D+01
  0.384883D+00
  0.204620D+01
  0.376388D+00
  0.848568D+00
  0.192071D+00
  0.384069D+00
  0.472034D+00
  0.141603D+01
  0.120799D+01
  0.184874D+00
  0.241486D+00
  0.345986D+00
  0.108867D+01
  0.144389D+01
  0.137309D+00
  0.177625D+01
  0.427775D+00
  0.123456D+01
  0.146818D+01
  0.274263D+00
  0.620980D+00
  0.467831D+00
  0.379027D+00
  0.000000D+00
  0.951649D+00
  0.182226D+01
  0.101562D+01
  0.790209D+00
  0.427254D+00
  0.805982D+00
  0.549792D+00
  0.136939D+00
  0.668367D+00
  0.101427D+01
  0.330149D+00
  0.265869D+00
  0.346357D+00
  0.327104D+00
  0.000000D+00
  0.000000D+00
  0.000000D+00
  0.124402D+00
  0.358291D+00
  0.121509D+00
  0.330482D+00
  0.185387D+00
  0.330465D+00
  0.507778D+00
  0.467510D+00
  0.338522D+00
  0.111226D+01
  0.175299D+01
  0.000000D+00
  0.272111D+00
  0.443879D+00
  0.163814D+01
  0.290491D+00
  0.148453D+01
  0.612988D+00
  0.290269D+00
  0.370802D+00
  0.676966D+00
  0.156305D+01
  0.219277D+01
  0.182891D+01
  0.185243D+00
  0.269227D+00
  0.218193D+01
  0.221341D+01
  0.210995D+01
  0.199878D+01
  0.310897D+00
  0.126565D+01
  0.416453D+00
  0.555916D+00
  0.523658D+00
  0.477969D+00
  0.412710D+00
  0.555824D+00
  0.207291D+00
  0.225643D+00
  0.427091D+00
  0.249793D+00
  0.539858D+00
  0.298123D+00
  0.684868D+00
  0.531769D+00
  0.805681D+00
  0.995708D+00
  0.493235D+00
  0.150248D+00
  0.126073D+01
  0.307057D+00
  0.969710D+00
  0.193103D+01
  0.299104D+01
  0.192122D+00
  0.363415D+00
  0.535275D+00
  0.201021D+01
  0.157117D+01
  0.155548D+01
  0.534797D+00
  0.861634D+00
  0.505480D+00
  0.228173D+00
  0.170014D+00
  0.814398D-02
  0.208322D+00
  0.138398D+00
  0.146521D+00
  0.366268D+00
  0.263817D+00
  0.249593D+00
  0.292962D+00
  0.179025D+00
  0.227841D+00
  0.284792D+00
  0.260373D+00
  0.512595D+00
  0.235949D+00
  0.199328D+01
  0.488112D-01
  0.170813D+00
  0.813297D-02
  0.146369D+00
  0.422746D+00
  0.128492D+01
  0.488140D+00
  0.292818D+00
  0.447213D+00
  0.650784D-01
  0.715694D+00
  0.609811D+00
  0.585254D+00
  0.148697D+01
  0.147815D+01
  0.000000D+00
  0.308647D+00
  0.406017D+00
  0.259814D+00
  0.600768D+00
  0.267882D+00
  0.779196D+00
  0.438229D+00
  0.957419D+00
  0.308255D+00
  0.665043D+00
  0.851379D+00
  0.575528D+00
  0.356547D+00
  0.534629D+00
  0.688274D+00
  0.307571D+00
  0.898028D+00
  0.614575D+00
  0.436500D+00
  0.176151D+01
  0.927897D+00
  0.121147D+01
  0.469473D+00
  0.428889D+00
  0.252030D+00
  0.598843D+00
  0.141895D+01
  0.278890D+00
  0.844490D-01
  0.583313D+00
  0.332102D+00
  0.493947D+00
  0.364231D+00
  0.703830D+00
  0.865167D+00
  0.525285D+00
  0.331173D+00
  0.140493D+01
  0.887829D+00
  0.766514D+00
  0.588789D+00
  0.685318D+00
  0.515773D+00
  0.571852D+00
  0.129593D+01
  0.715963D+00
  0.996871D+00
  0.803243D+00
  0.115558D+01
  0.441028D+00
  0.138860D+01
  0.704737D+00
  0.568338D+00
  0.197647D+01
  0.288017D+00
  0.131999D+01
  0.447985D+00
  0.263990D+00
  0.215991D+00
  0.113595D+01
  0.263988D+00
  0.142176D+01
  0.569656D+00
  0.441117D+00
  0.857757D+00
  0.769146D+00
  0.768704D+00
  0.528218D+00
  0.815932D+00
  0.112812D+01
  0.608034D+00
  0.679999D+00
  0.287991D+00
  0.751058D-01
  0.000000D+00
  0.599842D-01
  0.463979D+00
  0.591974D+00
  0.679970D+00
  0.113595D+01
