  0.000000D+00
  0.000000D+00
  0.000000D+00
  0.000000D+00
  0.000000D+00
  0.000000D+00
  0.000000D+00
  0.000000D+00
  0.000000D+00
  0.000000D+00
  0.000000D+00
  0.000000D+00
  0.727245D-04
  0.560484D-04
  0.377470D-04
  0.208912D-04
  0.207514D-01
  0.217180D-01
  0.343303D-01
  0.319361D-01
  0.299686D-01
  0.268856D-01
  0.235365D-01
  0.208630D-01
  0.182929D-01
  0.142046D-01
  0.988506D-02
  0.654360D-02
  0.434929D-02
  0.254049D-02
  0.137424D-02
  0.710688D-03
  0.383252D-03
  0.207087D-03
  0.288178D-01
  0.373089D-01
  0.348478D-01
  0.480187D-01
  0.496029D-01
  0.572120D-01
  0.549600D-01
  0.530657D-01
  0.514530D-01
  0.499474D-01
  0.496979D-01
  0.483371D-01
  0.493305D-01
  0.481401D-01
  0.487818D-01
  0.484399D-01
  0.471766D-01
  0.452852D-01
  0.473814D-01
  0.459596D-01
  0.448130D-01
  0.431809D-01
  0.414888D-01
  0.395616D-01
  0.374984D-01
  0.394183D-01
  0.424875D-01
  0.411675D-01
  0.446266D-01
  0.488557D-01
  0.475297D-01
  0.466464D-01
  0.461462D-01
  0.457984D-01
  0.455301D-01
  0.453302D-01
  0.451668D-01
  0.450311D-01
  0.449177D-01
  0.453232D-01
  0.449757D-01
  0.448317D-01
  0.457620D-01
  0.548085D-01
  0.537744D-01
  0.525629D-01
  0.519185D-01
  0.515909D-01
  0.507905D-01
  0.490268D-01
  0.471355D-01
  0.455990D-01
  0.443019D-01
  0.427455D-01
  0.423391D-01
  0.426628D-01
  0.405931D-01
  0.400301D-01
  0.386661D-01
  0.363788D-01
  0.341386D-01
  0.437342D-01
  0.433488D-01
  0.424981D-01
  0.430560D-01
  0.425805D-01
  0.422333D-01
  0.419718D-01
  0.417641D-01
  0.416031D-01
  0.439346D-01
  0.439696D-01
  0.437263D-01
  0.433676D-01
  0.431794D-01
  0.430391D-01
  0.429543D-01
  0.428380D-01
  0.426201D-01
  0.425976D-01
  0.524798D-01
  0.625818D-01
  0.605134D-01
  0.596761D-01
  0.600146D-01
  0.609060D-01
  0.706709D-01
  0.830206D-01
  0.832312D-01
  0.807117D-01
  0.797788D-01
  0.920372D-01
  0.103812D+00
  0.111892D+00
  0.113640D+00
  0.110000D+00
  0.107388D+00
  0.105432D+00
  0.103960D+00
  0.102836D+00
  0.101971D+00
  0.101287D+00
  0.100757D+00
  0.100342D+00
  0.100057D+00
  0.997740D-01
  0.995437D-01
  0.993300D-01
  0.991381D-01
  0.989697D-01
  0.988075D-01
  0.986312D-01
  0.984162D-01
  0.979697D-01
  0.971297D-01
  0.964430D-01
  0.954947D-01
  0.942239D-01
  0.960503D-01
  0.982936D-01
  0.970304D-01
  0.951892D-01
  0.976962D-01
  0.963834D-01
  0.949644D-01
  0.933904D-01
  0.913242D-01
  0.886973D-01
  0.912572D-01
  0.890974D-01
  0.877409D-01
  0.869382D-01
  0.864603D-01
  0.858686D-01
  0.851669D-01
  0.842802D-01
  0.831471D-01
  0.819336D-01
  0.807465D-01
  0.794168D-01
  0.777726D-01
  0.758915D-01
  0.738565D-01
  0.716743D-01
  0.692846D-01
  0.667222D-01
  0.640057D-01
  0.617343D-01
  0.595920D-01
  0.697379D-01
  0.713161D-01
  0.695630D-01
  0.680707D-01
  0.685709D-01
  0.682284D-01
  0.675435D-01
  0.726668D-01
  0.758250D-01
  0.746508D-01
  0.735707D-01
  0.717802D-01
  0.693330D-01
  0.664791D-01
  0.634022D-01
  0.602910D-01
  0.574905D-01
  0.552911D-01
  0.530232D-01
  0.511480D-01
  0.490040D-01
  0.468008D-01
  0.441765D-01
  0.407564D-01
  0.370832D-01
  0.336278D-01
  0.297646D-01
  0.246879D-01
  0.190355D-01
  0.144266D-01
  0.101326D-01
  0.663416D-02
  0.389192D-02
  0.172774D-02
  0.623861D-03
  0.221149D-03
  0.730669D-04
  0.282630D-04
  0.127466D-04
  0.530390D-05
  0.000000D+00
  0.106502D-01
  0.178915D-01
  0.156414D-01
  0.127148D-01
  0.933564D-02
  0.584600D-02
  0.278494D-02
  0.146529D-02
  0.942068D-03
  0.608779D-03
  0.259797D-03
  0.770986D-04
  0.229981D-04
  0.783832D-05
  0.000000D+00
  0.000000D+00
  0.000000D+00
  0.000000D+00
  0.000000D+00
