  0.000000D+00
  0.000000D+00
  0.000000D+00
  0.000000D+00
  0.000000D+00
  0.000000D+00
  0.000000D+00
  0.000000D+00
  0.000000D+00
  0.000000D+00
  0.000000D+00
  0.000000D+00
  0.158612D-02
  0.125690D-02
  0.859307D-03
  0.479982D-03
  0.401839D+00
  0.440352D+00
  0.638575D+00
  0.625626D+00
  0.607747D+00
  0.563939D+00
  0.507505D+00
  0.458237D+00
  0.407606D+00
  0.321751D+00
  0.226905D+00
  0.151486D+00
  0.101194D+00
  0.593301D-01
  0.321687D-01
  0.166590D-01
  0.899064D-02
  0.486035D-02
  0.543762D+00
  0.672662D+00
  0.664304D+00
  0.783626D+00
  0.808557D+00
  0.850058D+00
  0.851947D+00
  0.851390D+00
  0.849050D+00
  0.844930D+00
  0.844279D+00
  0.838848D+00
  0.844083D+00
  0.839134D+00
  0.842136D+00
  0.841263D+00
  0.834683D+00
  0.821942D+00
  0.832182D+00
  0.824218D+00
  0.817032D+00
  0.804352D+00
  0.789286D+00
  0.769683D+00
  0.745942D+00
  0.759841D+00
  0.783819D+00
  0.775411D+00
  0.801641D+00
  0.828747D+00
  0.825709D+00
  0.823775D+00
  0.823377D+00
  0.823252D+00
  0.823101D+00
  0.823016D+00
  0.822865D+00
  0.822666D+00
  0.822442D+00
  0.825157D+00
  0.823012D+00
  0.822312D+00
  0.827136D+00
  0.866826D+00
  0.866018D+00
  0.863333D+00
  0.862552D+00
  0.862588D+00
  0.859699D+00
  0.850252D+00
  0.838409D+00
  0.827607D+00
  0.817557D+00
  0.804083D+00
  0.796377D+00
  0.796743D+00
  0.777874D+00
  0.770151D+00
  0.755948D+00
  0.729017D+00
  0.699211D+00
  0.783514D+00
  0.784489D+00
  0.783184D+00
  0.790879D+00
  0.790622D+00
  0.790439D+00
  0.790272D+00
  0.790039D+00
  0.789831D+00
  0.806376D+00
  0.808311D+00
  0.808100D+00
  0.806371D+00
  0.805806D+00
  0.805408D+00
  0.805233D+00
  0.804710D+00
  0.803098D+00
  0.802488D+00
  0.853721D+00
  0.888457D+00
  0.887872D+00
  0.889065D+00
  0.892424D+00
  0.896460D+00
  0.915652D+00
  0.933001D+00
  0.936041D+00
  0.936005D+00
  0.936788D+00
  0.947001D+00
  0.955033D+00
  0.959998D+00
  0.962167D+00
  0.962121D+00
  0.962095D+00
  0.962057D+00
  0.962024D+00
  0.961992D+00
  0.961963D+00
  0.961929D+00
  0.961901D+00
  0.961877D+00
  0.961874D+00
  0.961841D+00
  0.961810D+00
  0.961765D+00
  0.961713D+00
  0.961661D+00
  0.961601D+00
  0.961523D+00
  0.961411D+00
  0.961143D+00
  0.960606D+00
  0.960155D+00
  0.959509D+00
  0.958606D+00
  0.959063D+00
  0.959978D+00
  0.959446D+00
  0.958403D+00
  0.959221D+00
  0.958607D+00
  0.957931D+00
  0.957025D+00
  0.955608D+00
  0.953542D+00
  0.954185D+00
  0.952787D+00
  0.951936D+00
  0.951486D+00
  0.951270D+00
  0.950883D+00
  0.950333D+00
  0.949544D+00
  0.948434D+00
  0.947163D+00
  0.945844D+00
  0.944268D+00
  0.942175D+00
  0.939579D+00
  0.936512D+00
  0.932886D+00
  0.928458D+00
  0.923092D+00
  0.916572D+00
  0.910341D+00
  0.903691D+00
  0.919964D+00
  0.923160D+00
  0.921802D+00
  0.920171D+00
  0.921301D+00
  0.921500D+00
  0.921099D+00
  0.928428D+00
  0.932767D+00
  0.932384D+00
  0.931768D+00
  0.929627D+00
  0.925735D+00
  0.920209D+00
  0.913038D+00
  0.904311D+00
  0.894946D+00
  0.886406D+00
  0.876213D+00
  0.866598D+00
  0.854016D+00
  0.839108D+00
  0.818348D+00
  0.785737D+00
  0.743001D+00
  0.695268D+00
  0.633721D+00
  0.541695D+00
  0.428041D+00
  0.329265D+00
  0.233791D+00
  0.154187D+00
  0.908982D-01
  0.404921D-01
  0.146451D-01
  0.519447D-02
  0.171661D-02
  0.664043D-03
  0.299491D-03
  0.124620D-03
  0.000000D+00
  0.215115D+00
  0.363983D+00
  0.333727D+00
  0.279812D+00
  0.209997D+00
  0.133584D+00
  0.643282D-01
  0.340316D-01
  0.219477D-01
  0.142139D-01
  0.607654D-02
  0.180549D-02
  0.538995D-03
  0.183809D-03
  0.000000D+00
  0.000000D+00
  0.000000D+00
  0.000000D+00
  0.000000D+00
