  0.000000D+00
  0.000000D+00
  0.000000D+00
  0.000000D+00
  0.000000D+00
  0.000000D+00
  0.000000D+00
  0.000000D+00
  0.000000D+00
  0.000000D+00
  0.000000D+00
  0.000000D+00
  0.966629D-05
  0.601294D-05
  0.351538D-05
  0.176247D-05
  0.487272D-02
  0.427492D-02
  0.915348D-02
  0.719901D-02
  0.589448D-02
  0.450839D-02
  0.337115D-02
  0.263905D-02
  0.207153D-02
  0.139022D-02
  0.842539D-03
  0.504341D-03
  0.314100D-03
  0.174256D-03
  0.911331D-04
  0.461737D-04
  0.246108D-04
  0.132008D-04
  0.736181D-02
  0.108358D-01
  0.862048D-02
  0.173684D-01
  0.179798D-01
  0.241768D-01
  0.217523D-01
  0.198022D-01
  0.182198D-01
  0.168232D-01
  0.165903D-01
  0.153992D-01
  0.162158D-01
  0.151820D-01
  0.157254D-01
  0.154056D-01
  0.143639D-01
  0.129245D-01
  0.146814D-01
  0.135322D-01
  0.126372D-01
  0.114655D-01
  0.103306D-01
  0.913989D-02
  0.797988D-02
  0.940071D-02
  0.115987D-01
  0.105740D-01
  0.130843D-01
  0.163602D-01
  0.151056D-01
  0.142660D-01
  0.137616D-01
  0.134045D-01
  0.131313D-01
  0.129267D-01
  0.127627D-01
  0.126296D-01
  0.125209D-01
  0.128302D-01
  0.125575D-01
  0.124366D-01
  0.132048D-01
  0.209744D-01
  0.199309D-01
  0.187808D-01
  0.181421D-01
  0.177993D-01
  0.170860D-01
  0.156424D-01
  0.141658D-01
  0.130153D-01
  0.120829D-01
  0.110231D-01
  0.109209D-01
  0.112427D-01
  0.987305D-02
  0.960837D-02
  0.877939D-02
  0.751886D-02
  0.642721D-02
  0.129101D-01
  0.124680D-01
  0.116362D-01
  0.118967D-01
  0.114121D-01
  0.110581D-01
  0.107927D-01
  0.105860D-01
  0.104270D-01
  0.121662D-01
  0.121221D-01
  0.118774D-01
  0.115758D-01
  0.114033D-01
  0.112737D-01
  0.111927D-01
  0.110933D-01
  0.109335D-01
  0.109355D-01
  0.190947D-01
  0.281703D-01
  0.260401D-01
  0.251182D-01
  0.253309D-01
  0.260913D-01
  0.354634D-01
  0.476047D-01
  0.476975D-01
  0.450745D-01
  0.440700D-01
  0.564137D-01
  0.683446D-01
  0.765545D-01
  0.782843D-01
  0.744951D-01
  0.717752D-01
  0.697391D-01
  0.682075D-01
  0.670374D-01
  0.661381D-01
  0.654266D-01
  0.648755D-01
  0.644445D-01
  0.641482D-01
  0.638545D-01
  0.636159D-01
  0.633953D-01
  0.631975D-01
  0.630242D-01
  0.628578D-01
  0.626774D-01
  0.624581D-01
  0.620041D-01
  0.611515D-01
  0.604550D-01
  0.594941D-01
  0.582080D-01
  0.600914D-01
  0.623901D-01
  0.610964D-01
  0.592220D-01
  0.617993D-01
  0.604574D-01
  0.590075D-01
  0.574057D-01
  0.553123D-01
  0.526621D-01
  0.553019D-01
  0.531104D-01
  0.517328D-01
  0.509154D-01
  0.504266D-01
  0.498263D-01
  0.491183D-01
  0.482276D-01
  0.470935D-01
  0.458823D-01
  0.447008D-01
  0.433813D-01
  0.417558D-01
  0.399045D-01
  0.379125D-01
  0.357904D-01
  0.334858D-01
  0.310402D-01
  0.284821D-01
  0.263757D-01
  0.244212D-01
  0.343118D-01
  0.358226D-01
  0.340530D-01
  0.325665D-01
  0.330404D-01
  0.326754D-01
  0.319787D-01
  0.370101D-01
  0.401191D-01
  0.389119D-01
  0.378125D-01
  0.360366D-01
  0.336496D-01
  0.309070D-01
  0.280007D-01
  0.251235D-01
  0.225965D-01
  0.206613D-01
  0.187236D-01
  0.171709D-01
  0.154619D-01
  0.137880D-01
  0.119193D-01
  0.971553D-02
  0.766993D-02
  0.605946D-02
  0.459978D-02
  0.314587D-02
  0.199364D-02
  0.130836D-02
  0.813502D-03
  0.486114D-03
  0.266660D-03
  0.112556D-03
  0.396417D-04
  0.139266D-04
  0.458612D-05
  0.177215D-05
  0.798953D-06
  0.332385D-06
  0.000000D+00
  0.213082D-02
  0.347101D-02
  0.238789D-02
  0.158574D-02
  0.974735D-03
  0.523569D-03
  0.220632D-03
  0.108363D-03
  0.668352D-04
  0.419000D-04
  0.174325D-04
  0.508237D-05
  0.149816D-05
  0.506213D-06
  0.000000D+00
  0.000000D+00
  0.000000D+00
  0.000000D+00
  0.000000D+00
