  0.658459D-02
  0.647343D-02
  0.646737D-02
  0.582858D-02
  0.553320D-02
  0.513987D-02
  0.449392D-02
  0.530742D-02
  0.583448D-02
  0.529212D-02
  0.520233D-02
  0.523938D-02
  0.567958D-02
  0.601361D-02
  0.665280D-02
  0.683567D-02
  0.462032D-02
  0.438007D-02
  0.393950D-02
  0.602090D-02
  0.610852D-02
  0.593312D-02
  0.425372D-02
  0.447204D-02
  0.685692D-02
  0.474613D-02
  0.446822D-02
  0.415553D-02
  0.327384D-02
  0.547639D-02
  0.576113D-02
  0.584529D-02
  0.659085D-02
  0.470474D-02
  0.420765D-02
  0.394019D-02
  0.349320D-02
  0.340936D-02
  0.341521D-02
  0.369349D-02
  0.586392D-02
  0.421756D-02
  0.411121D-02
  0.366955D-02
  0.449158D-02
  0.497215D-02
  0.417707D-02
  0.422804D-02
  0.447259D-02
  0.442873D-02
  0.417851D-02
  0.424736D-02
  0.385770D-02
  0.429469D-02
  0.532023D-02
  0.542682D-02
  0.521355D-02
  0.518681D-02
  0.574807D-02
  0.442544D-02
  0.376714D-02
  0.443786D-02
  0.371787D-02
  0.362193D-02
  0.325149D-02
  0.364274D-02
  0.362017D-02
  0.304864D-02
  0.265995D-02
  0.271392D-02
  0.293347D-02
  0.351914D-02
  0.407102D-02
  0.360262D-02
  0.344064D-02
  0.483327D-02
  0.502360D-02
  0.406924D-02
  0.312873D-02
  0.338314D-02
  0.460068D-02
  0.506680D-02
  0.654114D-02
  0.525570D-02
  0.512902D-02
  0.416490D-02
  0.472070D-02
  0.352953D-02
  0.468610D-02
  0.513258D-02
  0.550740D-02
  0.473638D-02
  0.542458D-02
  0.395344D-02
  0.489250D-02
  0.304261D-02
  0.200168D-02
  0.210869D-02
  0.147546D-02
  0.240798D-02
  0.159811D-02
  0.152303D-02
  0.144060D-02
  0.175325D-02
  0.389262D-02
  0.320978D-02
  0.355392D-02
  0.275605D-02
  0.308260D-02
  0.294504D-02
  0.434368D-02
  0.281612D-02
  0.345627D-02
  0.368670D-02
  0.366261D-02
  0.301595D-02
  0.287586D-02
  0.344820D-02
  0.549442D-02
  0.299973D-02
  0.315854D-02
  0.210754D-02
  0.127946D-02
  0.210615D-02
  0.287911D-02
  0.366821D-02
  0.247584D-02
  0.273760D-02
  0.222945D-02
  0.346286D-02
  0.356049D-02
  0.210598D-02
  0.205505D-02
  0.220766D-02
  0.264071D-02
  0.217036D-02
  0.233109D-02
  0.228122D-02
  0.221242D-02
  0.166273D-02
  0.205028D-02
  0.265917D-02
  0.299759D-02
  0.309234D-02
  0.299012D-02
  0.305948D-02
  0.154253D-02
  0.254833D-02
  0.247506D-02
  0.327853D-02
  0.365972D-02
  0.442499D-02
  0.414421D-02
  0.301730D-02
  0.416890D-02
  0.370020D-02
  0.414524D-02
  0.355090D-02
  0.367761D-02
  0.369171D-02
  0.369089D-02
  0.340076D-02
  0.427014D-02
  0.336496D-02
  0.263367D-02
  0.269949D-02
  0.301220D-02
  0.318483D-02
  0.341239D-02
  0.344374D-02
  0.357747D-02
  0.333811D-02
  0.353782D-02
  0.375508D-02
  0.414783D-02
  0.418495D-02
  0.416611D-02
  0.450639D-02
  0.521879D-02
  0.546733D-02
  0.545979D-02
  0.386696D-02
  0.348248D-02
  0.377252D-02
  0.354533D-02
  0.290357D-02
  0.484428D-02
  0.260505D-02
  0.194985D-02
  0.288642D-02
  0.378718D-02
  0.266105D-02
  0.407162D-02
  0.473507D-02
  0.416230D-02
  0.412173D-02
  0.470554D-02
  0.527106D-02
  0.418445D-02
  0.368426D-02
  0.359723D-02
  0.398814D-02
  0.570991D-02
  0.480671D-02
  0.477022D-02
  0.557783D-02
  0.598041D-02
  0.602995D-02
  0.527878D-02
  0.522707D-02
  0.666821D-02
  0.579182D-02
  0.593099D-02
  0.711153D-02
  0.521550D-02
  0.557384D-02
  0.472974D-02
  0.865960D-02
  0.539132D-02
  0.861855D-02
  0.717007D-02
  0.783452D-02
  0.830175D-02
  0.796662D-02
  0.482361D-02
  0.448839D-02
  0.438304D-02
  0.520414D-02
  0.715147D-02
  0.876354D-02
  0.690580D-02
  0.539227D-02
  0.517187D-02
  0.786989D-02
  0.828780D-02
  0.812748D-02
  0.754657D-02
  0.852292D-02
  0.973288D-02
  0.935822D-02
  0.925461D-02
  0.104014D-01
  0.102093D-01
