  0.637002D-02
  0.637863D-02
  0.623521D-02
  0.566664D-02
  0.537060D-02
  0.496293D-02
  0.430705D-02
  0.502630D-02
  0.585659D-02
  0.510477D-02
  0.497720D-02
  0.505258D-02
  0.542552D-02
  0.560272D-02
  0.627869D-02
  0.652801D-02
  0.460860D-02
  0.442633D-02
  0.386037D-02
  0.571208D-02
  0.619669D-02
  0.584188D-02
  0.425868D-02
  0.430227D-02
  0.694920D-02
  0.454111D-02
  0.463783D-02
  0.415520D-02
  0.332186D-02
  0.530978D-02
  0.547143D-02
  0.582901D-02
  0.635991D-02
  0.470497D-02
  0.409705D-02
  0.384015D-02
  0.344648D-02
  0.338298D-02
  0.339166D-02
  0.354186D-02
  0.575814D-02
  0.402653D-02
  0.413702D-02
  0.372718D-02
  0.422054D-02
  0.459689D-02
  0.396558D-02
  0.395817D-02
  0.454550D-02
  0.439761D-02
  0.423222D-02
  0.411880D-02
  0.378079D-02
  0.430308D-02
  0.530174D-02
  0.554677D-02
  0.522704D-02
  0.494365D-02
  0.574775D-02
  0.435128D-02
  0.371123D-02
  0.443646D-02
  0.374691D-02
  0.363586D-02
  0.327429D-02
  0.365060D-02
  0.363411D-02
  0.306253D-02
  0.267242D-02
  0.258979D-02
  0.284407D-02
  0.342800D-02
  0.408448D-02
  0.342401D-02
  0.347625D-02
  0.490897D-02
  0.507403D-02
  0.412859D-02
  0.316493D-02
  0.317200D-02
  0.497017D-02
  0.501100D-02
  0.656342D-02
  0.526058D-02
  0.496334D-02
  0.397468D-02
  0.465232D-02
  0.362197D-02
  0.474031D-02
  0.521902D-02
  0.549812D-02
  0.487371D-02
  0.557410D-02
  0.410480D-02
  0.502673D-02
  0.312517D-02
  0.203710D-02
  0.212672D-02
  0.148479D-02
  0.236874D-02
  0.160333D-02
  0.152895D-02
  0.145291D-02
  0.167763D-02
  0.390950D-02
  0.307679D-02
  0.347887D-02
  0.269837D-02
  0.308847D-02
  0.290715D-02
  0.435577D-02
  0.286802D-02
  0.349465D-02
  0.372505D-02
  0.368028D-02
  0.303190D-02
  0.278185D-02
  0.344442D-02
  0.543900D-02
  0.305161D-02
  0.317375D-02
  0.213938D-02
  0.129440D-02
  0.209264D-02
  0.289413D-02
  0.369815D-02
  0.250487D-02
  0.276103D-02
  0.225034D-02
  0.346397D-02
  0.355478D-02
  0.212768D-02
  0.204681D-02
  0.221453D-02
  0.262794D-02
  0.209213D-02
  0.232602D-02
  0.229902D-02
  0.222612D-02
  0.155241D-02
  0.190039D-02
  0.247238D-02
  0.279010D-02
  0.295745D-02
  0.292052D-02
  0.292417D-02
  0.156949D-02
  0.258563D-02
  0.249258D-02
  0.330876D-02
  0.359939D-02
  0.442257D-02
  0.419903D-02
  0.282369D-02
  0.417452D-02
  0.364443D-02
  0.411983D-02
  0.336321D-02
  0.358296D-02
  0.364076D-02
  0.367812D-02
  0.344984D-02
  0.421156D-02
  0.331814D-02
  0.251295D-02
  0.257476D-02
  0.289000D-02
  0.316496D-02
  0.325086D-02
  0.336839D-02
  0.352175D-02
  0.320319D-02
  0.342225D-02
  0.374583D-02
  0.394739D-02
  0.391947D-02
  0.397658D-02
  0.451405D-02
  0.498616D-02
  0.525179D-02
  0.531239D-02
  0.356780D-02
  0.350834D-02
  0.379368D-02
  0.356885D-02
  0.280427D-02
  0.486543D-02
  0.266249D-02
  0.192613D-02
  0.291112D-02
  0.381433D-02
  0.270758D-02
  0.395644D-02
  0.469691D-02
  0.401142D-02
  0.403772D-02
  0.439744D-02
  0.496291D-02
  0.393490D-02
  0.355357D-02
  0.365579D-02
  0.400026D-02
  0.562697D-02
  0.452347D-02
  0.447270D-02
  0.542708D-02
  0.591377D-02
  0.604730D-02
  0.520128D-02
  0.530534D-02
  0.668215D-02
  0.584283D-02
  0.577107D-02
  0.725065D-02
  0.517595D-02
  0.568742D-02
  0.480831D-02
  0.846622D-02
  0.548156D-02
  0.865621D-02
  0.715990D-02
  0.782908D-02
  0.830325D-02
  0.789734D-02
  0.495564D-02
  0.445326D-02
  0.424040D-02
  0.522959D-02
  0.709153D-02
  0.879157D-02
  0.697077D-02
  0.548252D-02
  0.519578D-02
  0.783742D-02
  0.830962D-02
  0.809618D-02
  0.766150D-02
  0.865345D-02
  0.984130D-02
  0.928896D-02
  0.924564D-02
  0.102026D-01
  0.101994D-01
