  0.200000D+00
  0.200000D+00
  0.200000D+00
  0.200000D+00
  0.200000D+00
  0.200000D+00
  0.200000D+00
  0.200000D+00
  0.200000D+00
  0.200000D+00
  0.200000D+00
  0.200000D+00
  0.200000D+00
  0.200000D+00
  0.200000D+00
  0.200000D+00
  0.200000D+00
  0.200000D+00
  0.200000D+00
  0.200000D+00
  0.200000D+00
  0.200000D+00
  0.200000D+00
  0.200000D+00
  0.200000D+00
  0.200000D+00
  0.188275D+00
  0.200000D+00
  0.200000D+00
  0.200000D+00
  0.200000D+00
  0.200000D+00
  0.200000D+00
  0.200000D+00
  0.200000D+00
  0.200000D+00
  0.200000D+00
  0.200000D+00
  0.200000D+00
  0.200000D+00
  0.200000D+00
  0.200000D+00
  0.200000D+00
  0.200000D+00
  0.200000D+00
  0.200000D+00
  0.200000D+00
  0.200000D+00
 -0.116695D+00
  0.200000D+00
  0.200000D+00
  0.200000D+00
  0.200000D+00
  0.200000D+00
  0.200000D+00
  0.386285D-01
  0.200000D+00
  0.200000D+00
  0.200000D+00
  0.200000D+00
  0.200000D+00
  0.200000D+00
 -0.563597D+00
 -0.439215D+00
 -0.734448D+00
 -0.324430D+00
 -0.592579D+00
 -0.963522D+00
 -0.348087D+00
  0.200000D+00
  0.200000D+00
  0.200000D+00
  0.200000D+00
  0.200000D+00
  0.200000D+00
  0.200000D+00
  0.656573D-01
 -0.385728D+00
 -0.599150D+00
  0.200000D+00
  0.200000D+00
  0.200000D+00
  0.200000D+00
  0.200000D+00
  0.200000D+00
  0.200000D+00
  0.200000D+00
  0.200000D+00
  0.699316D-01
  0.200000D+00
  0.200000D+00
 -0.598670D-01
  0.200000D+00
  0.184229D+00
  0.780882D-01
 -0.385245D-01
 -0.212240D+01
 -0.398495D+00
 -0.999268D+00
  0.200000D+00
  0.200000D+00
 -0.119558D+01
 -0.155052D+01
  0.200000D+00
 -0.899129D+00
  0.200000D+00
  0.200000D+00
  0.200000D+00
  0.200000D+00
  0.200000D+00
  0.200000D+00
  0.200000D+00
  0.200000D+00
 -0.132881D-01
 -0.782173D+00
 -0.870434D+00
  0.200000D+00
  0.200000D+00
  0.200000D+00
  0.325221D-01
  0.833626D-02
 -0.181448D+01
 -0.105225D+01
  0.200000D+00
  0.153121D+00
  0.695192D-02
 -0.917498D-01
 -0.455162D+00
 -0.531657D-01
  0.200000D+00
  0.200000D+00
 -0.434088D+00
  0.200000D+00
 -0.701464D+00
  0.200000D+00
  0.200000D+00
  0.200000D+00
 -0.219219D+00
 -0.458565D+00
  0.200000D+00
  0.200000D+00
  0.200000D+00
  0.200000D+00
  0.200000D+00
  0.200000D+00
  0.200000D+00
  0.200000D+00
  0.200000D+00
  0.200000D+00
  0.200000D+00
  0.200000D+00
  0.200000D+00
  0.200000D+00
  0.200000D+00
  0.200000D+00
  0.200000D+00
  0.200000D+00
  0.200000D+00
  0.200000D+00
  0.200000D+00
  0.200000D+00
  0.200000D+00
  0.200000D+00
  0.200000D+00
  0.200000D+00
  0.200000D+00
  0.200000D+00
  0.200000D+00
  0.200000D+00
  0.200000D+00
  0.200000D+00
  0.200000D+00
  0.200000D+00
  0.200000D+00
  0.200000D+00
  0.200000D+00
  0.200000D+00
  0.200000D+00
  0.200000D+00
  0.200000D+00
  0.200000D+00
  0.200000D+00
  0.200000D+00
 -0.380736D-01
 -0.449173D-01
  0.200000D+00
  0.200000D+00
 -0.196797D+01
  0.200000D+00
  0.141464D+00
 -0.923423D+00
 -0.212214D+01
  0.200000D+00
  0.200000D+00
  0.200000D+00
  0.200000D+00
  0.200000D+00
  0.200000D+00
  0.200000D+00
  0.200000D+00
  0.200000D+00
  0.200000D+00
  0.200000D+00
  0.200000D+00
  0.200000D+00
  0.200000D+00
  0.200000D+00
  0.200000D+00
  0.200000D+00
  0.200000D+00
  0.200000D+00
  0.200000D+00
  0.200000D+00
  0.987085D-01
  0.200000D+00
  0.200000D+00
  0.200000D+00
  0.200000D+00
  0.200000D+00
  0.200000D+00
  0.200000D+00
  0.200000D+00
  0.200000D+00
  0.200000D+00
  0.365431D-03
  0.200000D+00
  0.200000D+00
  0.200000D+00
  0.200000D+00
  0.200000D+00
  0.200000D+00
  0.143084D+00
  0.200000D+00
  0.200000D+00
  0.200000D+00
  0.200000D+00
 -0.227337D+00
 -0.310384D+00
 -0.169351D-01
  0.200000D+00
  0.200000D+00
  0.200000D+00
  0.200000D+00
