 -0.428076D+02
 -0.442266D+02
 -0.359413D+02
 -0.338566D+02
 -0.314424D+02
 -0.311362D+02
 -0.357920D+02
 -0.387142D+02
 -0.320996D+02
 -0.389476D+02
 -0.360912D+02
 -0.378524D+02
 -0.377452D+02
 -0.320686D+02
 -0.366583D+02
 -0.384299D+02
 -0.353221D+02
 -0.326246D+02
 -0.412832D+02
 -0.306936D+02
 -0.280670D+02
 -0.276236D+02
 -0.315736D+02
 -0.275813D+02
 -0.293176D+02
 -0.341176D+02
 -0.328004D+02
 -0.395398D+02
 -0.201132D+02
 -0.350429D+02
 -0.370002D+02
 -0.339309D+02
 -0.347806D+02
 -0.345167D+02
 -0.329063D+02
 -0.329987D+02
 -0.425308D+02
 -0.324342D+02
 -0.288766D+02
 -0.281711D+02
 -0.290955D+02
 -0.293051D+02
 -0.317086D+02
 -0.243219D+02
 -0.251726D+02
 -0.263335D+02
 -0.288471D+02
 -0.314623D+02
  0.916176D+01
 -0.344317D+02
 -0.676013D+01
 -0.250748D+02
 -0.386313D+02
  0.386280D+01
 -0.181080D+02
  0.131988D+02
  0.106141D+02
 -0.246264D+02
  0.148433D+02
 -0.178053D+01
 -0.394037D+02
  0.120821D+01
  0.520397D+01
  0.838652D+00
  0.194430D+01
  0.394134D+01
  0.583016D+01
  0.122319D+01
 -0.367250D+01
 -0.352995D+02
 -0.371441D+02
 -0.325481D+02
 -0.624200D+01
 -0.414164D+02
  0.677848D+00
  0.627472D+01
  0.609879D+01
  0.112914D+02
 -0.845165D+01
 -0.462893D+02
  0.851600D+01
 -0.591892D+01
  0.108515D+02
 -0.778962D+01
 -0.492225D+01
 -0.324644D+02
 -0.251195D+02
 -0.150904D+02
  0.221391D+01
  0.385689D+01
  0.131881D+02
  0.116718D+02
  0.146077D+01
 -0.303308D+01
  0.577282D+01
  0.123704D+01
  0.994846D+01
  0.345282D+01
 -0.664676D+01
 -0.317062D+02
 -0.422390D+02
 -0.415338D+01
 -0.446764D+01
 -0.398261D+02
  0.139213D+02
 -0.355207D+02
 -0.375663D+02
 -0.461873D+02
 -0.399301D+02
 -0.419143D+02
  0.856562D+01
 -0.266801D+02
 -0.320543D+02
 -0.893225D+01
  0.679056D+01
 -0.350347D+00
 -0.418803D+02
 -0.319197D+01
  0.118023D+02
 -0.123852D+02
 -0.435129D+01
  0.667689D+01
 -0.571197D+01
 -0.538579D+01
 -0.144253D+02
  0.512615D+01
  0.538149D+01
  0.393262D+01
 -0.127371D+02
  0.472928D+01
 -0.215645D+02
 -0.392820D+02
 -0.415725D+02
 -0.322943D+01
 -0.100409D+02
 -0.185371D+02
 -0.701763D+01
 -0.518837D+01
  0.790633D+00
 -0.506350D+02
 -0.427341D+02
 -0.417615D+02
 -0.397949D+02
 -0.400685D+02
 -0.379139D+02
 -0.431340D+02
 -0.468585D+02
 -0.606672D+01
 -0.367817D+02
  0.397264D+01
 -0.208823D+02
  0.899710D+01
  0.165559D+01
 -0.418812D+02
  0.653819D+01
 -0.218924D+02
  0.783198D+01
 -0.384514D+02
 -0.216446D+02
 -0.274274D+02
 -0.142706D+02
 -0.212006D+02
  0.150084D+02
 -0.491713D+01
 -0.438594D+02
 -0.445500D+02
 -0.442959D+02
 -0.354381D+02
 -0.350235D+02
 -0.303292D+02
 -0.348586D+02
 -0.332547D+02
 -0.299744D+02
 -0.240132D+02
 -0.253226D+02
 -0.226946D+02
 -0.208728D+02
  0.144800D+01
 -0.338190D+00
 -0.101401D+01
  0.146740D+02
 -0.320387D+02
 -0.315378D+01
  0.358216D+01
  0.374849D+01
 -0.427309D+02
  0.114010D+02
  0.136352D+02
 -0.545093D+02
 -0.243661D+02
  0.983323D+01
  0.162092D+02
 -0.259072D+02
  0.803504D+00
 -0.272871D+02
 -0.265561D+02
 -0.224871D+02
 -0.227869D+02
 -0.237058D+02
 -0.292469D+02
 -0.130152D+02
  0.348477D+01
 -0.253177D+01
 -0.291544D+02
 -0.278285D+02
 -0.201862D+02
 -0.159470D+02
  0.950802D+01
 -0.146371D+02
 -0.201214D+02
 -0.163579D+02
  0.287591D+01
 -0.220879D+02
  0.759170D+01
 -0.350432D+02
 -0.252145D+02
 -0.673600D+01
 -0.214831D+02
 -0.210032D+02
  0.189484D+01
 -0.220315D+02
 -0.323214D+01
  0.507784D+01
 -0.191591D+00
  0.263769D+01
 -0.110939D+02
 -0.362098D+02
  0.351418D+01
  0.205874D+01
 -0.527089D+01
 -0.618042D+01
  0.121265D+01
 -0.991535D+00
  0.103161D+02
 -0.321810D+02
 -0.188605D+02
  0.128167D+02
  0.162002D+02
  0.150039D+02
 -0.191580D+02
 -0.220646D+02
 -0.392901D+02
 -0.329119D+02
