  0.100000D+21
  0.100000D+21
  0.100000D+21
  0.100000D+21
  0.100000D+21
  0.100000D+21
  0.100000D+21
  0.100000D+21
  0.100000D+21
  0.100000D+21
  0.100000D+21
  0.100000D+21
  0.131618D+03
  0.167546D+03
  0.195808D+03
  0.218040D+03
  0.109915D+03
  0.146745D+03
  0.153127D+03
  0.184466D+03
  0.209117D+03
  0.228509D+03
  0.243763D+03
  0.255763D+03
  0.265202D+03
  0.272627D+03
  0.278467D+03
  0.283062D+03
  0.286676D+03
  0.289519D+03
  0.291755D+03
  0.293515D+03
  0.294898D+03
  0.295987D+03
  0.128705D+03
  0.150196D+03
  0.182160D+03
  0.163988D+03
  0.184639D+03
  0.182931D+03
  0.207106D+03
  0.226927D+03
  0.242519D+03
  0.254783D+03
  0.257140D+03
  0.266285D+03
  0.262781D+03
  0.270723D+03
  0.266827D+03
  0.270996D+03
  0.277184D+03
  0.282053D+03
  0.266272D+03
  0.273469D+03
  0.279130D+03
  0.283583D+03
  0.287086D+03
  0.289841D+03
  0.292009D+03
  0.266745D+03
  0.247224D+03
  0.258485D+03
  0.243911D+03
  0.232822D+03
  0.247156D+03
  0.258431D+03
  0.267301D+03
  0.274278D+03
  0.279766D+03
  0.284084D+03
  0.287480D+03
  0.290151D+03
  0.292253D+03
  0.290501D+03
  0.292528D+03
  0.293994D+03
  0.285991D+03
  0.243032D+03
  0.254312D+03
  0.264061D+03
  0.271729D+03
  0.277138D+03
  0.282016D+03
  0.285854D+03
  0.288872D+03
  0.291246D+03
  0.293114D+03
  0.294583D+03
  0.283062D+03
  0.275812D+03
  0.280973D+03
  0.276304D+03
  0.279790D+03
  0.284103D+03
  0.287495D+03
  0.221445D+03
  0.230713D+03
  0.245497D+03
  0.251333D+03
  0.261717D+03
  0.269885D+03
  0.276311D+03
  0.281366D+03
  0.285342D+03
  0.270446D+03
  0.274934D+03
  0.280283D+03
  0.284490D+03
  0.287799D+03
  0.290403D+03
  0.292202D+03
  0.293866D+03
  0.295175D+03
  0.293988D+03
  0.239419D+03
  0.219894D+03
  0.236986D+03
  0.248881D+03
  0.255396D+03
  0.258578D+03
  0.235870D+03
  0.222945D+03
  0.233811D+03
  0.247934D+03
  0.257203D+03
  0.238896D+03
  0.231646D+03
  0.231624D+03
  0.239601D+03
  0.252488D+03
  0.262626D+03
  0.270601D+03
  0.276874D+03
  0.281808D+03
  0.285690D+03
  0.288743D+03
  0.291145D+03
  0.293034D+03
  0.294453D+03
  0.295636D+03
  0.296568D+03
  0.297300D+03
  0.297876D+03
  0.298329D+03
  0.298686D+03
  0.298966D+03
  0.299187D+03
  0.299360D+03
  0.299497D+03
  0.299604D+03
  0.299689D+03
  0.299755D+03
  0.293126D+03
  0.288385D+03
  0.290864D+03
  0.292813D+03
  0.285643D+03
  0.287932D+03
  0.290507D+03
  0.292533D+03
  0.294126D+03
  0.295379D+03
  0.284636D+03
  0.287845D+03
  0.290438D+03
  0.292478D+03
  0.294083D+03
  0.295346D+03
  0.296339D+03
  0.297120D+03
  0.297735D+03
  0.298218D+03
  0.298598D+03
  0.298897D+03
  0.299133D+03
  0.299318D+03
  0.299463D+03
  0.299578D+03
  0.299668D+03
  0.299739D+03
  0.299794D+03
  0.299838D+03
  0.299873D+03
  0.258747D+03
  0.258725D+03
  0.267532D+03
  0.273958D+03
  0.274070D+03
  0.278034D+03
  0.282721D+03
  0.270045D+03
  0.265531D+03
  0.272490D+03
  0.278010D+03
  0.282702D+03
  0.286393D+03
  0.289296D+03
  0.291580D+03
  0.293377D+03
  0.294790D+03
  0.295902D+03
  0.296776D+03
  0.297464D+03
  0.298005D+03
  0.298431D+03
  0.298766D+03
  0.299029D+03
  0.299236D+03
  0.299399D+03
  0.299527D+03
  0.299628D+03
  0.299708D+03
  0.299770D+03
  0.299819D+03
  0.299858D+03
  0.299888D+03
  0.299912D+03
  0.299931D+03
  0.299945D+03
  0.299957D+03
  0.299966D+03
  0.299973D+03
  0.299979D+03
  0.100000D+21
  0.102724D+03
  0.131583D+03
  0.167518D+03
  0.195786D+03
  0.218023D+03
  0.235514D+03
  0.249274D+03
  0.260097D+03
  0.268611D+03
  0.275309D+03
  0.280577D+03
  0.284722D+03
  0.287982D+03
  0.290546D+03
  0.100000D+21
  0.100000D+21
  0.100000D+21
  0.100000D+21
  0.100000D+21
