  0.000000D+00
  0.000000D+00
  0.000000D+00
  0.893452D-05
  0.343211D-06
  0.854676D-04
  0.000000D+00
  0.000000D+00
  0.000000D+00
  0.221122D-06
  0.631056D-06
  0.120258D-03
  0.763292D-04
  0.130112D-05
  0.107086D-05
  0.707190D-08
  0.199379D-05
  0.182768D-05
  0.285107D-05
  0.184375D-05
  0.499529D-05
  0.797719D-05
  0.128989D-04
  0.367490D-05
  0.588437D-05
  0.473067D-05
  0.454336D-05
  0.220969D-05
  0.142257D-05
  0.948259D-06
  0.521058D-06
  0.272640D-06
  0.108121D-03
  0.783781D-04
  0.348440D-05
  0.397070D-05
  0.277403D-05
  0.257924D-05
  0.000000D+00
  0.166486D-04
  0.133277D-05
  0.276312D-05
  0.394267D-05
  0.932147D-05
  0.299953D-04
  0.854145D-05
  0.778620D-05
  0.867724D-05
  0.232113D-04
  0.677641D-05
  0.119277D-04
  0.153026D-04
  0.982392D-05
  0.781637D-05
  0.855631D-05
  0.106938D-03
  0.113973D-04
  0.141563D-04
  0.367687D-04
  0.726275D-05
  0.450622D-05
  0.540799D-05
  0.358322D-05
  0.307623D-05
  0.246069D-05
  0.799976D-06
  0.000000D+00
  0.000000D+00
  0.000000D+00
  0.000000D+00
  0.000000D+00
  0.000000D+00
  0.000000D+00
  0.177381D-05
  0.000000D+00
  0.106193D-05
  0.164454D-03
  0.273625D-05
  0.308221D-05
  0.267450D-05
  0.339577D-04
  0.216565D-05
  0.160950D-04
  0.138720D-04
  0.129445D-04
  0.934854D-05
  0.822277D-05
  0.143975D-04
  0.131681D-03
  0.975916D-05
  0.133001D-04
  0.134587D-04
  0.107916D-04
  0.133236D-04
  0.772917D-04
  0.702085D-05
  0.462179D-05
  0.000000D+00
  0.000000D+00
  0.000000D+00
  0.000000D+00
  0.000000D+00
  0.000000D+00
  0.000000D+00
  0.000000D+00
  0.000000D+00
  0.206862D-06
  0.803473D-06
  0.000000D+00
  0.000000D+00
  0.000000D+00
  0.892393D-07
  0.330742D-06
  0.778336D-06
  0.958759D-06
  0.109688D-05
  0.000000D+00
  0.000000D+00
  0.230962D-06
  0.155604D-06
  0.000000D+00
  0.000000D+00
  0.000000D+00
  0.000000D+00
  0.000000D+00
  0.000000D+00
  0.000000D+00
  0.000000D+00
  0.000000D+00
  0.000000D+00
  0.000000D+00
  0.000000D+00
  0.000000D+00
  0.000000D+00
  0.000000D+00
  0.000000D+00
  0.000000D+00
  0.000000D+00
  0.000000D+00
  0.000000D+00
  0.000000D+00
  0.000000D+00
  0.000000D+00
  0.000000D+00
  0.000000D+00
  0.000000D+00
  0.000000D+00
  0.226898D-05
  0.497017D-05
  0.532619D-05
  0.678670D-05
  0.110425D-04
  0.974353D-05
  0.482858D-05
  0.824980D-05
  0.129485D-04
  0.120781D-04
  0.841110D-05
  0.770269D-05
  0.119673D-04
  0.185377D-04
  0.257427D-04
  0.198526D-04
  0.118835D-04
  0.416882D-05
  0.131898D-05
  0.000000D+00
  0.270570D-05
  0.405476D-05
  0.642613D-05
  0.904594D-05
  0.868723D-05
  0.916126D-05
  0.111649D-04
  0.147603D-04
  0.160856D-04
  0.174905D-04
  0.205143D-04
  0.218432D-04
  0.248861D-04
  0.251077D-04
  0.178085D-04
  0.215648D-04
  0.972766D-05
  0.512131D-05
  0.497462D-05
  0.155951D-04
  0.310545D-05
  0.000000D+00
  0.000000D+00
  0.000000D+00
  0.000000D+00
  0.278459D-05
  0.469640D-05
  0.120233D-04
  0.188088D-04
  0.220811D-04
  0.246975D-04
  0.232229D-04
  0.194203D-04
  0.153075D-04
  0.166849D-04
  0.156016D-04
  0.175488D-04
  0.167856D-04
  0.201239D-04
  0.229869D-04
  0.354815D-04
  0.151751D-04
  0.158934D-04
  0.133467D-04
  0.883961D-05
  0.570559D-05
  0.300724D-03
  0.238187D-05
  0.198640D-05
  0.102087D-05
  0.360827D-06
  0.130777D-06
  0.411762D-07
  0.171444D-06
  0.680533D-07
  0.206518D-03
  0.000000D+00
  0.347736D-04
  0.126378D-05
  0.174088D-05
  0.284773D-05
  0.253230D-05
  0.220815D-05
  0.132752D-05
  0.484559D-06
  0.247096D-06
  0.802716D-05
  0.170061D-06
  0.588658D-07
  0.163135D-04
  0.491348D-08
  0.000000D+00
  0.000000D+00
  0.000000D+00
  0.873799D-06
  0.000000D+00
