  0.000000D+00
  0.000000D+00
  0.000000D+00
  0.000000D+00
  0.000000D+00
  0.000000D+00
  0.000000D+00
  0.000000D+00
  0.000000D+00
  0.000000D+00
  0.000000D+00
  0.000000D+00
  0.327633D-07
  0.395645D-07
  0.456352D-07
  0.364373D-07
  0.803201D-05
  0.770128D-05
  0.122369D-04
  0.808624D-05
  0.219184D-04
  0.329302D-04
  0.232035D-04
  0.155218D-04
  0.237906D-04
  0.196296D-04
  0.195260D-04
  0.966439D-05
  0.642171D-05
  0.441402D-05
  0.249271D-05
  0.133952D-05
  0.606793D-06
  0.317183D-06
  0.928367D-05
  0.113346D-04
  0.926685D-05
  0.798855D-05
  0.000000D+00
  0.000000D+00
  0.000000D+00
  0.519656D-05
  0.117417D-04
  0.290214D-04
  0.293251D-04
  0.207529D-04
  0.172064D-04
  0.234515D-04
  0.172194D-04
  0.197512D-04
  0.362413D-04
  0.479229D-04
  0.289846D-04
  0.255044D-04
  0.288526D-04
  0.472202D-04
  0.378791D-04
  0.481731D-04
  0.481658D-04
  0.249820D-04
  0.158909D-04
  0.196379D-04
  0.132748D-04
  0.117257D-04
  0.964014D-05
  0.322166D-05
  0.000000D+00
  0.000000D+00
  0.000000D+00
  0.000000D+00
  0.000000D+00
  0.000000D+00
  0.000000D+00
  0.867136D-05
  0.000000D+00
  0.537392D-05
  0.143847D-04
  0.118027D-04
  0.135667D-04
  0.119687D-04
  0.000000D+00
  0.834628D-05
  0.355941D-04
  0.555907D-04
  0.497538D-04
  0.379257D-04
  0.338242D-04
  0.600470D-04
  0.393370D-04
  0.365793D-04
  0.491349D-04
  0.323478D-04
  0.395029D-04
  0.466297D-04
  0.367415D-04
  0.246053D-04
  0.166084D-04
  0.000000D+00
  0.000000D+00
  0.000000D+00
  0.000000D+00
  0.000000D+00
  0.000000D+00
  0.000000D+00
  0.000000D+00
  0.000000D+00
  0.963739D-06
  0.380139D-05
  0.000000D+00
  0.000000D+00
  0.000000D+00
  0.454510D-06
  0.170579D-05
  0.405908D-05
  0.504796D-05
  0.582180D-05
  0.000000D+00
  0.000000D+00
  0.000000D+00
  0.810622D-06
  0.000000D+00
  0.000000D+00
  0.000000D+00
  0.000000D+00
  0.000000D+00
  0.000000D+00
  0.000000D+00
  0.000000D+00
  0.000000D+00
  0.000000D+00
  0.000000D+00
  0.000000D+00
  0.000000D+00
  0.000000D+00
  0.000000D+00
  0.000000D+00
  0.000000D+00
  0.000000D+00
  0.000000D+00
  0.000000D+00
  0.000000D+00
  0.000000D+00
  0.000000D+00
  0.000000D+00
  0.000000D+00
  0.000000D+00
  0.000000D+00
  0.140989D-04
  0.307371D-04
  0.328796D-04
  0.413720D-04
  0.660317D-04
  0.544908D-04
  0.265443D-04
  0.451393D-04
  0.698156D-04
  0.601821D-04
  0.415223D-04
  0.379508D-04
  0.589921D-04
  0.907391D-04
  0.123018D-03
  0.890781D-04
  0.529627D-04
  0.186214D-04
  0.596296D-05
  0.000000D+00
  0.127268D-04
  0.194006D-04
  0.312167D-04
  0.444360D-04
  0.428267D-04
  0.453520D-04
  0.555194D-04
  0.732717D-04
  0.792373D-04
  0.853565D-04
  0.988380D-04
  0.102428D-03
  0.114441D-03
  0.113192D-03
  0.760321D-04
  0.922768D-04
  0.387631D-04
  0.206644D-04
  0.203717D-04
  0.353292D-04
  0.130861D-04
  0.000000D+00
  0.000000D+00
  0.000000D+00
  0.000000D+00
  0.128776D-04
  0.218953D-04
  0.570123D-04
  0.897563D-04
  0.105038D-03
  0.116301D-03
  0.107532D-03
  0.896311D-04
  0.701671D-04
  0.773070D-04
  0.635861D-04
  0.724984D-04
  0.692992D-04
  0.845700D-04
  0.975284D-04
  0.760967D-04
  0.584808D-04
  0.633779D-04
  0.545665D-04
  0.343187D-04
  0.229747D-04
  0.180293D-04
  0.914966D-05
  0.816373D-05
  0.447042D-05
  0.167117D-05
  0.643740D-06
  0.212014D-06
  0.620805D-07
  0.279390D-07
  0.129377D-07
  0.000000D+00
  0.347816D-05
  0.519821D-05
  0.803143D-05
  0.138455D-04
  0.125128D-04
  0.112575D-04
  0.627613D-05
  0.211084D-05
  0.103403D-05
  0.907317D-06
  0.710846D-06
  0.266740D-06
  0.688641D-07
  0.230913D-07
  0.000000D+00
  0.000000D+00
  0.000000D+00
  0.000000D+00
  0.000000D+00
