  0.000000D+00
  0.000000D+00
  0.000000D+00
  0.000000D+00
  0.000000D+00
  0.000000D+00
 -0.403821D-09
 -0.211987D-15
  0.000000D+00
  0.000000D+00
  0.000000D+00
  0.000000D+00
 -0.656536D-09
 -0.368140D-09
 -0.207842D-09
 -0.963313D-10
 -0.543432D-08
  0.404905D-07
 -0.618654D-07
 -0.160747D-06
  0.758353D-07
 -0.644392D-07
 -0.301917D-09
 -0.530759D-07
  0.947292D-07
 -0.426790D-07
  0.185456D-06
  0.523644D-09
  0.549118D-07
 -0.628726D-08
 -0.597212D-08
 -0.467628D-09
 -0.323405D-08
 -0.515528D-10
 -0.527404D-07
 -0.639067D-07
 -0.322907D-07
 -0.479922D-07
  0.404667D-07
 -0.131810D-06
 -0.249501D-06
 -0.153258D-06
  0.211510D-06
  0.978005D-06
 -0.200192D-06
 -0.323467D-06
 -0.151763D-06
 -0.185754D-06
  0.123771D-06
 -0.944437D-07
  0.119299D-05
 -0.146710D-06
 -0.102481D-06
  0.632902D-07
 -0.176732D-07
  0.115131D-06
  0.100898D-07
 -0.177956D-06
  0.177293D-07
 -0.351054D-07
 -0.478288D-07
  0.998724D-08
  0.339709D-06
  0.270950D-06
  0.500293D-06
  0.269476D-06
  0.365990D-06
  0.321248D-06
  0.703875D-07
 -0.958722D-07
 -0.705553D-07
 -0.659008D-07
  0.603988D-07
 -0.126587D-06
  0.144317D-06
  0.122473D-06
  0.166336D-06
  0.191323D-06
  0.358033D-06
 -0.175208D-06
  0.835600D-06
 -0.536324D-07
  0.560005D-07
  0.103650D-08
 -0.108787D-06
 -0.130737D-06
 -0.640688D-07
  0.126554D-05
  0.255230D-06
  0.596620D-06
  0.372281D-08
  0.175639D-06
  0.786348D-06
  0.867476D-06
  0.373966D-06
  0.128813D-05
  0.726407D-06
  0.413608D-06
  0.348832D-06
 -0.361241D-07
  0.443309D-08
  0.241638D-06
  0.390159D-06
 -0.591621D-07
  0.416094D-06
 -0.955257D-07
 -0.528808D-07
 -0.462664D-07
  0.419106D-08
 -0.261785D-07
  0.785671D-07
  0.197762D-06
  0.149263D-06
  0.545919D-06
  0.413782D-06
  0.490576D-06
 -0.176557D-06
  0.296835D-07
 -0.831690D-07
  0.147629D-05
  0.216230D-05
  0.977836D-06
  0.626688D-06
  0.124206D-07
  0.122104D-05
  0.134076D-05
  0.155759D-05
  0.747887D-06
  0.691391D-06
  0.897028D-07
 -0.382274D-07
  0.272488D-06
 -0.327427D-07
  0.276064D-06
 -0.817341D-08
 -0.920267D-07
  0.236075D-07
  0.746068D-07
  0.531852D-06
 -0.157496D-06
 -0.207963D-06
 -0.256256D-06
 -0.276835D-06
 -0.185081D-06
 -0.939069D-07
 -0.185401D-06
  0.203400D-05
  0.371052D-06
  0.119648D-06
  0.290850D-06
 -0.752819D-07
  0.161674D-07
  0.222146D-06
 -0.261328D-06
  0.963026D-07
 -0.630891D-07
 -0.220038D-07
 -0.363737D-06
 -0.148387D-06
 -0.779334D-07
  0.683332D-06
  0.140052D-05
 -0.511636D-07
 -0.386990D-07
 -0.149849D-06
 -0.153308D-06
 -0.185897D-06
 -0.332481D-07
 -0.270470D-06
 -0.868166D-07
 -0.102710D-06
 -0.153218D-06
 -0.155441D-06
  0.407535D-07
 -0.245187D-06
 -0.269085D-06
 -0.200751D-06
  0.119821D-06
 -0.206831D-06
 -0.325079D-06
 -0.142662D-06
 -0.257189D-06
  0.123221D-05
  0.419141D-06
  0.910414D-06
 -0.103692D-06
  0.263517D-07
  0.101045D-05
 -0.350248D-07
  0.554318D-06
  0.744143D-06
  0.118519D-05
 -0.158614D-06
 -0.386194D-07
 -0.152592D-06
 -0.867149D-07
 -0.373198D-06
 -0.436457D-06
 -0.216894D-06
 -0.106699D-06
  0.987954D-06
  0.329185D-06
 -0.106209D-06
 -0.248062D-06
 -0.263903D-06
 -0.110001D-06
 -0.513798D-07
  0.399240D-07
 -0.491206D-07
  0.365056D-06
  0.427201D-07
  0.548542D-07
 -0.366976D-07
  0.603616D-07
 -0.572053D-08
  0.325118D-07
  0.118148D-06
 -0.189886D-08
  0.780687D-08
  0.157371D-09
 -0.234507D-10
 -0.421871D-11
  0.335980D-11
  0.000000D+00
  0.939435D-07
 -0.829413D-08
 -0.342757D-07
  0.118951D-06
 -0.953077D-08
  0.206725D-08
  0.514669D-08
  0.511935D-08
  0.439176D-08
 -0.295303D-09
 -0.590470D-11
 -0.276223D-10
  0.112180D-09
  0.491941D-10
  0.000000D+00
  0.000000D+00
  0.000000D+00
  0.000000D+00
  0.000000D+00
