  0.918244D+00
  0.882378D+00
  0.848402D+00
  0.183643D+01
  0.138850D+01
  0.253201D+01
  0.175747D+01
  0.146446D+01
  0.129943D+01
  0.121824D+01
  0.124577D+01
  0.181522D+01
  0.174093D+01
  0.203467D+01
  0.155820D+01
  0.135195D+01
  0.256043D+01
  0.187968D+01
  0.763745D+00
  0.194185D+01
  0.186150D+01
  0.169061D+01
  0.222054D+01
  0.177800D+01
  0.225197D+01
  0.176169D+01
  0.161177D+01
  0.990395D+00
  0.165612D+01
  0.147352D+01
  0.138637D+01
  0.132986D+01
  0.264386D+01
  0.249320D+01
  0.144622D+01
  0.319925D+00
  0.249236D-01
 -0.157870D+01
 -0.179386D+01
 -0.544654D+00
  0.417845D+00
  0.157717D+01
  0.177663D+01
  0.207011D+01
  0.178544D+01
  0.190281D+01
  0.189644D+01
  0.173577D+01
  0.195330D+01
  0.199240D+01
  0.202302D+01
  0.187350D+01
  0.143792D+01
  0.193246D+01
  0.197048D+01
  0.228967D+01
  0.195137D+01
  0.185253D+01
  0.186990D+01
  0.183988D+01
  0.163205D+01
  0.111692D+01
  0.111554D+01
  0.223725D+00
 -0.919617D+00
 -0.168648D+01
 -0.181512D+01
 -0.225939D+01
 -0.264191D+01
 -0.278214D+01
 -0.197033D+01
 -0.889248D+00
  0.231356D+00
  0.304139D+00
  0.109204D+01
  0.172911D+01
  0.232684D+01
  0.183107D+01
  0.778088D+00
 -0.111965D+01
  0.256632D+00
  0.172236D+01
  0.230317D+01
  0.195018D+01
  0.184719D+01
  0.165755D+01
  0.165192D+01
  0.177901D+01
  0.241726D+01
  0.190785D+01
  0.177928D+01
  0.199919D+01
  0.176892D+01
  0.199457D+01
  0.184812D+01
  0.132274D+01
 -0.229235D+01
 -0.278849D+01
 -0.282266D+01
 -0.282180D+01
 -0.282197D+01
 -0.282222D+01
 -0.282193D+01
 -0.282183D+01
 -0.254975D+01
 -0.139329D+01
 -0.439306D-01
 -0.140615D+01
 -0.119947D+01
 -0.128000D+01
  0.366574D+00
  0.120366D+01
  0.144378D+01
  0.139753D+01
  0.872528D+00
  0.112097D+00
 -0.135151D+01
 -0.184769D+01
 -0.234819D+00
  0.261511D+00
 -0.851511D+00
 -0.173111D+01
 -0.244200D+01
 -0.272094D+01
 -0.259872D+01
 -0.230700D+01
 -0.241756D+01
 -0.255025D+01
 -0.262338D+01
 -0.245806D+01
 -0.222936D+01
 -0.205854D+01
 -0.211303D+01
 -0.220823D+01
 -0.233197D+01
 -0.243800D+01
 -0.252704D+01
 -0.262958D+01
 -0.270382D+01
 -0.270519D+01
 -0.263579D+01
 -0.222941D+01
 -0.177320D+01
 -0.128327D+01
 -0.925342D+00
 -0.694756D+00
 -0.438510D+00
 -0.363823D-01
  0.414563D+00
  0.506132D+00
  0.836041D+00
  0.124149D+01
  0.141345D+01
  0.105267D+01
  0.104779D+01
  0.128099D+01
  0.158315D+01
  0.122798D+01
  0.104093D+01
  0.122239D+01
  0.147479D+01
  0.172836D+01
  0.176826D+01
  0.125492D+01
  0.675225D+00
  0.481794D+00
  0.107517D+00
  0.345768D+00
  0.495122D+00
  0.768064D+00
  0.102722D+01
  0.103070D+01
  0.106841D+01
  0.127321D+01
  0.154447D+01
  0.156463D+01
  0.160888D+01
  0.172164D+01
  0.177939D+01
  0.180685D+01
  0.181527D+01
  0.167094D+01
  0.171501D+01
  0.159987D+01
  0.121423D+01
  0.776485D+00
  0.135634D+01
  0.933623D+00
 -0.565096D+00
 -0.348809D+00
 -0.289525D+00
 -0.123904D+00
  0.725660D+00
  0.116795D+01
  0.165482D+01
  0.175775D+01
  0.179965D+01
  0.184298D+01
  0.176515D+01
  0.156187D+01
  0.165272D+01
  0.173704D+01
  0.199033D+01
  0.181507D+01
  0.171297D+01
  0.170890D+01
  0.175635D+01
  0.246249D+01
  0.180281D+01
  0.166530D+01
  0.163431D+01
  0.228332D+01
  0.165080D+01
  0.187731D+01
  0.179281D+01
  0.145228D+01
  0.130617D+01
  0.121731D+01
  0.113213D+01
  0.108435D+01
  0.176581D+01
  0.151927D+01
  0.165277D+01
  0.154412D+01
  0.222234D+01
  0.180180D+01
  0.141042D+01
  0.145036D+01
  0.148264D+01
  0.144318D+01
  0.233293D+01
  0.225002D+01
  0.194905D+01
  0.224058D+01
  0.165642D+01
  0.142329D+01
  0.149035D+01
  0.146488D+01
  0.154552D+01
  0.138496D+01
  0.163671D+01
  0.172600D+01
  0.149754D+01
