  0.975676D+00
  0.956760D+00
  0.936464D+00
  0.987821D+00
  0.988711D+00
  0.131357D+01
  0.131318D+01
  0.128384D+01
  0.125073D+01
  0.121973D+01
  0.120770D+01
  0.123151D+01
  0.125796D+01
  0.132765D+01
  0.130627D+01
  0.127137D+01
  0.150006D+01
  0.148426D+01
  0.145707D+01
  0.143898D+01
  0.143989D+01
  0.142187D+01
  0.150758D+01
  0.148079D+01
  0.153029D+01
  0.150129D+01
  0.146254D+01
  0.143937D+01
  0.140919D+01
  0.137644D+01
  0.134764D+01
  0.131992D+01
  0.163526D+01
  0.180220D+01
  0.182794D+01
  0.178208D+01
  0.173362D+01
  0.169662D+01
  0.165197D+01
  0.180257D+01
  0.183056D+01
  0.192549D+01
  0.187186D+01
  0.182332D+01
  0.182602D+01
  0.180467D+01
  0.204447D+01
  0.198850D+01
  0.195027D+01
  0.190277D+01
  0.185406D+01
  0.181986D+01
  0.180823D+01
  0.176932D+01
  0.173319D+01
  0.175470D+01
  0.175289D+01
  0.172595D+01
  0.170292D+01
  0.171466D+01
  0.168530D+01
  0.164518D+01
  0.162016D+01
  0.158170D+01
  0.154336D+01
  0.150746D+01
  0.147482D+01
  0.144042D+01
  0.140432D+01
  0.136795D+01
  0.133582D+01
  0.130853D+01
  0.128747D+01
  0.126784D+01
  0.125390D+01
  0.124211D+01
  0.136691D+01
  0.141403D+01
  0.138567D+01
  0.135254D+01
  0.133449D+01
  0.141144D+01
  0.149229D+01
  0.149529D+01
  0.149482D+01
  0.148246D+01
  0.146634D+01
  0.145298D+01
  0.157474D+01
  0.157502D+01
  0.155834D+01
  0.162976D+01
  0.160451D+01
  0.165768D+01
  0.163429D+01
  0.165364D+01
  0.159845D+01
  0.155028D+01
  0.149236D+01
  0.143502D+01
  0.138368D+01
  0.132766D+01
  0.127431D+01
  0.122167D+01
  0.118426D+01
  0.116412D+01
  0.114249D+01
  0.111806D+01
  0.109324D+01
  0.107172D+01
  0.105444D+01
  0.104169D+01
  0.103142D+01
  0.102139D+01
  0.100955D+01
  0.995316D+00
  0.977142D+00
  0.962919D+00
  0.968878D+00
  0.100822D+01
  0.990375D+00
  0.972095D+00
  0.949807D+00
  0.923647D+00
  0.906922D+00
  0.899274D+00
  0.889671D+00
  0.877245D+00
  0.865721D+00
  0.855790D+00
  0.849989D+00
  0.843429D+00
  0.833451D+00
  0.822544D+00
  0.811819D+00
  0.801546D+00
  0.790341D+00
  0.779771D+00
  0.769148D+00
  0.759242D+00
  0.748339D+00
  0.740705D+00
  0.732630D+00
  0.724563D+00
  0.717159D+00
  0.709628D+00
  0.701239D+00
  0.693256D+00
  0.700699D+00
  0.703156D+00
  0.717084D+00
  0.738220D+00
  0.803860D+00
  0.819870D+00
  0.824313D+00
  0.841085D+00
  0.918309D+00
  0.931107D+00
  0.932075D+00
  0.932986D+00
  0.942913D+00
  0.971439D+00
  0.103392D+01
  0.104593D+01
  0.103903D+01
  0.102301D+01
  0.100300D+01
  0.979088D+00
  0.962324D+00
  0.948579D+00
  0.939260D+00
  0.936357D+00
  0.932946D+00
  0.930648D+00
  0.936159D+00
  0.946626D+00
  0.958848D+00
  0.975144D+00
  0.100671D+01
  0.103029D+01
  0.105445D+01
  0.111528D+01
  0.111510D+01
  0.119536D+01
  0.118013D+01
  0.116022D+01
  0.114338D+01
  0.112936D+01
  0.109832D+01
  0.107383D+01
  0.105323D+01
  0.103586D+01
  0.102174D+01
  0.101638D+01
  0.100392D+01
  0.100122D+01
  0.100793D+01
  0.102236D+01
  0.104342D+01
  0.104876D+01
  0.105887D+01
  0.105218D+01
  0.116175D+01
  0.118410D+01
  0.118885D+01
  0.117427D+01
  0.117112D+01
  0.130173D+01
  0.129635D+01
  0.126745D+01
  0.125300D+01
  0.132718D+01
  0.129971D+01
  0.129587D+01
  0.138270D+01
  0.132229D+01
  0.127356D+01
  0.123619D+01
  0.119225D+01
  0.116477D+01
  0.120704D+01
  0.120294D+01
  0.120376D+01
  0.122310D+01
  0.136598D+01
  0.136725D+01
  0.133356D+01
  0.128217D+01
  0.127029D+01
  0.124433D+01
  0.133058D+01
  0.142506D+01
  0.147354D+01
  0.155418D+01
  0.148604D+01
  0.140512D+01
  0.138423D+01
  0.136633D+01
  0.134950D+01
  0.132602D+01
  0.130878D+01
  0.128655D+01
  0.122971D+01
