  0.279477D+03
  0.279528D+03
  0.279036D+03
  0.277304D+03
  0.276717D+03
  0.275567D+03
  0.273676D+03
  0.276116D+03
  0.279877D+03
  0.275941D+03
  0.275700D+03
  0.275933D+03
  0.277068D+03
  0.277748D+03
  0.279226D+03
  0.279615D+03
  0.274453D+03
  0.274044D+03
  0.272119D+03
  0.278638D+03
  0.279399D+03
  0.278245D+03
  0.273366D+03
  0.273847D+03
  0.280765D+03
  0.274697D+03
  0.276772D+03
  0.273428D+03
  0.278685D+03
  0.277034D+03
  0.277194D+03
  0.277942D+03
  0.279237D+03
  0.274595D+03
  0.272852D+03
  0.272055D+03
  0.270717D+03
  0.270479D+03
  0.271260D+03
  0.271241D+03
  0.278066D+03
  0.272885D+03
  0.275062D+03
  0.278961D+03
  0.273658D+03
  0.275068D+03
  0.272771D+03
  0.272950D+03
  0.273618D+03
  0.273538D+03
  0.279982D+03
  0.273247D+03
  0.271903D+03
  0.274989D+03
  0.277104D+03
  0.276487D+03
  0.275745D+03
  0.276144D+03
  0.277272D+03
  0.273506D+03
  0.271501D+03
  0.273910D+03
  0.271873D+03
  0.271420D+03
  0.270641D+03
  0.271570D+03
  0.271581D+03
  0.269322D+03
  0.267374D+03
  0.267657D+03
  0.268631D+03
  0.271122D+03
  0.274287D+03
  0.271074D+03
  0.274094D+03
  0.275179D+03
  0.275426D+03
  0.272409D+03
  0.269858D+03
  0.270300D+03
  0.275275D+03
  0.275388D+03
  0.279347D+03
  0.276753D+03
  0.275522D+03
  0.272763D+03
  0.275209D+03
  0.280437D+03
  0.274609D+03
  0.278654D+03
  0.276759D+03
  0.274610D+03
  0.279559D+03
  0.276148D+03
  0.275412D+03
  0.270554D+03
  0.265313D+03
  0.265076D+03
  0.261865D+03
  0.266304D+03
  0.261815D+03
  0.261555D+03
  0.261487D+03
  0.262726D+03
  0.272307D+03
  0.269634D+03
  0.271439D+03
  0.267984D+03
  0.269969D+03
  0.269315D+03
  0.274498D+03
  0.273820D+03
  0.273361D+03
  0.272632D+03
  0.271656D+03
  0.269470D+03
  0.268547D+03
  0.270971D+03
  0.276526D+03
  0.271301D+03
  0.270965D+03
  0.265724D+03
  0.260670D+03
  0.265136D+03
  0.272381D+03
  0.272353D+03
  0.267772D+03
  0.268611D+03
  0.266504D+03
  0.271361D+03
  0.270875D+03
  0.265106D+03
  0.264483D+03
  0.265326D+03
  0.267342D+03
  0.265171D+03
  0.266182D+03
  0.265601D+03
  0.266086D+03
  0.262130D+03
  0.264536D+03
  0.267694D+03
  0.269207D+03
  0.269824D+03
  0.269807D+03
  0.269693D+03
  0.271638D+03
  0.273030D+03
  0.269902D+03
  0.273993D+03
  0.272039D+03
  0.274127D+03
  0.273188D+03
  0.268957D+03
  0.274391D+03
  0.272814D+03
  0.272676D+03
  0.270968D+03
  0.271622D+03
  0.272440D+03
  0.275347D+03
  0.277593D+03
  0.273012D+03
  0.270311D+03
  0.267348D+03
  0.267666D+03
  0.269101D+03
  0.270296D+03
  0.270772D+03
  0.271333D+03
  0.271777D+03
  0.270595D+03
  0.271583D+03
  0.273010D+03
  0.273364D+03
  0.273278D+03
  0.273541D+03
  0.276064D+03
  0.276287D+03
  0.276620D+03
  0.276530D+03
  0.271791D+03
  0.277573D+03
  0.272023D+03
  0.271840D+03
  0.268522D+03
  0.274898D+03
  0.268075D+03
  0.263874D+03
  0.271280D+03
  0.272248D+03
  0.268344D+03
  0.272564D+03
  0.274575D+03
  0.273645D+03
  0.273885D+03
  0.274894D+03
  0.276393D+03
  0.273272D+03
  0.271717D+03
  0.278236D+03
  0.276681D+03
  0.277126D+03
  0.274597D+03
  0.274731D+03
  0.277409D+03
  0.278811D+03
  0.278101D+03
  0.276564D+03
  0.281793D+03
  0.281248D+03
  0.277934D+03
  0.277807D+03
  0.280483D+03
  0.276801D+03
  0.283287D+03
  0.287631D+03
  0.283489D+03
  0.286568D+03
  0.284310D+03
  0.280323D+03
  0.281638D+03
  0.282635D+03
  0.282027D+03
  0.274876D+03
  0.273830D+03
  0.273595D+03
  0.280627D+03
  0.280335D+03
  0.283673D+03
  0.280529D+03
  0.276758D+03
  0.277371D+03
  0.281718D+03
  0.283452D+03
  0.282561D+03
  0.281027D+03
  0.282890D+03
  0.284861D+03
  0.284241D+03
  0.284091D+03
  0.285919D+03
  0.285825D+03
