  0.287783D+03
  0.288352D+03
  0.288305D+03
  0.284075D+03
  0.282068D+03
  0.278676D+03
  0.280638D+03
  0.284043D+03
  0.288160D+03
  0.289329D+03
  0.281614D+03
  0.280263D+03
  0.283293D+03
  0.281954D+03
  0.286077D+03
  0.290634D+03
  0.279716D+03
  0.279422D+03
  0.276668D+03
  0.282153D+03
  0.282597D+03
  0.286709D+03
  0.281907D+03
  0.280599D+03
  0.283775D+03
  0.282990D+03
  0.289336D+03
  0.279913D+03
  0.288512D+03
  0.285876D+03
  0.285029D+03
  0.285199D+03
  0.279759D+03
  0.282231D+03
  0.276152D+03
  0.275273D+03
  0.277504D+03
  0.273569D+03
  0.274472D+03
  0.278074D+03
  0.278066D+03
  0.279793D+03
  0.280504D+03
  0.282983D+03
  0.281683D+03
  0.278870D+03
  0.276102D+03
  0.280695D+03
  0.277241D+03
  0.277168D+03
  0.282580D+03
  0.282468D+03
  0.275748D+03
  0.281472D+03
  0.280048D+03
  0.281427D+03
  0.276437D+03
  0.282915D+03
  0.282619D+03
  0.277285D+03
  0.275360D+03
  0.276355D+03
  0.274488D+03
  0.272904D+03
  0.272095D+03
  0.271955D+03
  0.272810D+03
  0.271729D+03
  0.271138D+03
  0.270226D+03
  0.275168D+03
  0.278317D+03
  0.278647D+03
  0.277767D+03
  0.279119D+03
  0.278507D+03
  0.277789D+03
  0.275416D+03
  0.272758D+03
  0.271569D+03
  0.280520D+03
  0.278288D+03
  0.279848D+03
  0.281953D+03
  0.279710D+03
  0.279477D+03
  0.279992D+03
  0.283085D+03
  0.280527D+03
  0.278654D+03
  0.281792D+03
  0.276955D+03
  0.279559D+03
  0.280981D+03
  0.278734D+03
  0.275886D+03
  0.270524D+03
  0.267558D+03
  0.265088D+03
  0.267810D+03
  0.267695D+03
  0.264596D+03
  0.264210D+03
  0.264967D+03
  0.273275D+03
  0.275861D+03
  0.280461D+03
  0.273041D+03
  0.279117D+03
  0.276393D+03
  0.280778D+03
  0.278658D+03
  0.278933D+03
  0.277754D+03
  0.273178D+03
  0.272233D+03
  0.270964D+03
  0.272385D+03
  0.276911D+03
  0.277197D+03
  0.271741D+03
  0.271010D+03
  0.267039D+03
  0.265510D+03
  0.273495D+03
  0.274522D+03
  0.272716D+03
  0.268805D+03
  0.269678D+03
  0.273180D+03
  0.274298D+03
  0.275068D+03
  0.273996D+03
  0.273107D+03
  0.272028D+03
  0.271506D+03
  0.271554D+03
  0.270069D+03
  0.267997D+03
  0.271392D+03
  0.272091D+03
  0.276157D+03
  0.277925D+03
  0.279787D+03
  0.279593D+03
  0.279802D+03
  0.281318D+03
  0.282072D+03
  0.283587D+03
  0.282203D+03
  0.281691D+03
  0.283833D+03
  0.280876D+03
  0.276088D+03
  0.280445D+03
  0.284020D+03
  0.280848D+03
  0.276798D+03
  0.279166D+03
  0.283199D+03
  0.286408D+03
  0.287117D+03
  0.284234D+03
  0.277553D+03
  0.276176D+03
  0.276728D+03
  0.276792D+03
  0.281554D+03
  0.280727D+03
  0.281819D+03
  0.283319D+03
  0.281383D+03
  0.282939D+03
  0.283725D+03
  0.285501D+03
  0.284561D+03
  0.285408D+03
  0.286827D+03
  0.284146D+03
  0.285990D+03
  0.286227D+03
  0.279563D+03
  0.285961D+03
  0.277789D+03
  0.274800D+03
  0.276358D+03
  0.280005D+03
  0.274906D+03
  0.270548D+03
  0.276548D+03
  0.274695D+03
  0.275796D+03
  0.278878D+03
  0.278006D+03
  0.285489D+03
  0.288241D+03
  0.287998D+03
  0.288093D+03
  0.286849D+03
  0.285679D+03
  0.282033D+03
  0.285219D+03
  0.280480D+03
  0.284638D+03
  0.284469D+03
  0.288653D+03
  0.291243D+03
  0.288709D+03
  0.285049D+03
  0.290975D+03
  0.289475D+03
  0.288978D+03
  0.286785D+03
  0.288369D+03
  0.286776D+03
  0.293700D+03
  0.295460D+03
  0.294320D+03
  0.295694D+03
  0.292832D+03
  0.286264D+03
  0.285166D+03
  0.288065D+03
  0.285835D+03
  0.282316D+03
  0.278236D+03
  0.281216D+03
  0.287831D+03
  0.284001D+03
  0.288631D+03
  0.293310D+03
  0.282611D+03
  0.278499D+03
  0.281826D+03
  0.292980D+03
  0.294257D+03
  0.283557D+03
  0.283155D+03
  0.286208D+03
  0.286382D+03
  0.291361D+03
  0.294361D+03
  0.294228D+03
