  0.277825D+03
  0.278660D+03
  0.278452D+03
  0.277304D+03
  0.276381D+03
  0.275567D+03
  0.273676D+03
  0.273630D+03
  0.275846D+03
  0.275941D+03
  0.275242D+03
  0.275368D+03
  0.274029D+03
  0.276611D+03
  0.277808D+03
  0.278594D+03
  0.274292D+03
  0.273061D+03
  0.272119D+03
  0.271987D+03
  0.275684D+03
  0.276726D+03
  0.273366D+03
  0.272851D+03
  0.273816D+03
  0.274697D+03
  0.274616D+03
  0.273095D+03
  0.273450D+03
  0.277034D+03
  0.276431D+03
  0.276295D+03
  0.276988D+03
  0.274595D+03
  0.272769D+03
  0.272055D+03
  0.270717D+03
  0.270478D+03
  0.269326D+03
  0.271199D+03
  0.271153D+03
  0.272885D+03
  0.271961D+03
  0.273888D+03
  0.272657D+03
  0.273029D+03
  0.272533D+03
  0.272764D+03
  0.272661D+03
  0.273514D+03
  0.272099D+03
  0.273086D+03
  0.271777D+03
  0.271393D+03
  0.273342D+03
  0.276487D+03
  0.275521D+03
  0.275193D+03
  0.275023D+03
  0.273051D+03
  0.271501D+03
  0.270671D+03
  0.271785D+03
  0.271281D+03
  0.270637D+03
  0.269930D+03
  0.271433D+03
  0.269322D+03
  0.266847D+03
  0.267324D+03
  0.267426D+03
  0.268604D+03
  0.271132D+03
  0.271074D+03
  0.271040D+03
  0.273701D+03
  0.273553D+03
  0.272322D+03
  0.269822D+03
  0.266939D+03
  0.270157D+03
  0.274354D+03
  0.273423D+03
  0.276753D+03
  0.275356D+03
  0.272763D+03
  0.272511D+03
  0.274596D+03
  0.274465D+03
  0.273902D+03
  0.276411D+03
  0.274610D+03
  0.274286D+03
  0.276106D+03
  0.275412D+03
  0.270554D+03
  0.265056D+03
  0.264504D+03
  0.261546D+03
  0.259565D+03
  0.261397D+03
  0.260836D+03
  0.260446D+03
  0.258568D+03
  0.262789D+03
  0.269513D+03
  0.269652D+03
  0.267984D+03
  0.267629D+03
  0.269033D+03
  0.269289D+03
  0.271755D+03
  0.271917D+03
  0.271792D+03
  0.271656D+03
  0.269467D+03
  0.267418D+03
  0.268638D+03
  0.271001D+03
  0.270884D+03
  0.269611D+03
  0.265724D+03
  0.259736D+03
  0.259588D+03
  0.265233D+03
  0.271270D+03
  0.267248D+03
  0.267077D+03
  0.266504D+03
  0.265293D+03
  0.270798D+03
  0.265106D+03
  0.264483D+03
  0.263607D+03
  0.262777D+03
  0.263108D+03
  0.263902D+03
  0.264203D+03
  0.264880D+03
  0.262130D+03
  0.260924D+03
  0.264441D+03
  0.267692D+03
  0.268807D+03
  0.269571D+03
  0.269359D+03
  0.269364D+03
  0.271628D+03
  0.269902D+03
  0.269556D+03
  0.271808D+03
  0.272013D+03
  0.273188D+03
  0.268957D+03
  0.268920D+03
  0.272578D+03
  0.272665D+03
  0.270944D+03
  0.269432D+03
  0.271575D+03
  0.272388D+03
  0.274871D+03
  0.272147D+03
  0.270014D+03
  0.267348D+03
  0.267114D+03
  0.266764D+03
  0.268486D+03
  0.269454D+03
  0.270110D+03
  0.270865D+03
  0.270595D+03
  0.270042D+03
  0.271232D+03
  0.272501D+03
  0.272759D+03
  0.273043D+03
  0.273396D+03
  0.275380D+03
  0.274993D+03
  0.273852D+03
  0.271791D+03
  0.271380D+03
  0.271198D+03
  0.271497D+03
  0.268522D+03
  0.268345D+03
  0.268075D+03
  0.263874D+03
  0.263546D+03
  0.269307D+03
  0.268344D+03
  0.268209D+03
  0.271635D+03
  0.271769D+03
  0.272780D+03
  0.273020D+03
  0.273851D+03
  0.273272D+03
  0.271717D+03
  0.270694D+03
  0.274531D+03
  0.276168D+03
  0.274597D+03
  0.273641D+03
  0.274163D+03
  0.277226D+03
  0.276752D+03
  0.276553D+03
  0.276319D+03
  0.279580D+03
  0.277684D+03
  0.275194D+03
  0.277040D+03
  0.276794D+03
  0.275870D+03
  0.282782D+03
  0.283489D+03
  0.281312D+03
  0.283825D+03
  0.280323D+03
  0.279352D+03
  0.281312D+03
  0.281308D+03
  0.274876D+03
  0.273415D+03
  0.273560D+03
  0.273305D+03
  0.279994D+03
  0.279514D+03
  0.280529D+03
  0.276591D+03
  0.276378D+03
  0.276248D+03
  0.281253D+03
  0.282553D+03
  0.280710D+03
  0.280136D+03
  0.282813D+03
  0.284241D+03
  0.283422D+03
  0.282639D+03
  0.285087D+03
