  0.200000D+00
  0.200000D+00
  0.200000D+00
  0.200000D+00
  0.200000D+00
  0.200000D+00
  0.200000D+00
  0.200000D+00
  0.200000D+00
  0.200000D+00
  0.200000D+00
  0.200000D+00
  0.200043D+00
  0.200030D+00
  0.200018D+00
  0.200009D+00
  0.213319D+00
  0.212902D+00
  0.221018D+00
  0.217425D+00
  0.214781D+00
  0.212152D+00
  0.209875D+00
  0.208221D+00
  0.206841D+00
  0.205088D+00
  0.203418D+00
  0.202199D+00
  0.201428D+00
  0.200819D+00
  0.200436D+00
  0.200223D+00
  0.200119D+00
  0.200064D+00
  0.218644D+00
  0.222903D+00
  0.219058D+00
  0.231212D+00
  0.231302D+00
  0.237188D+00
  0.234706D+00
  0.230447D+00
  0.226516D+00
  0.223445D+00
  0.225904D+00
  0.222913D+00
  0.227426D+00
  0.224135D+00
  0.227451D+00
  0.226288D+00
  0.223160D+00
  0.220386D+00
  0.228972D+00
  0.225049D+00
  0.222081D+00
  0.219501D+00
  0.217395D+00
  0.215580D+00
  0.214017D+00
  0.220549D+00
  0.226974D+00
  0.223195D+00
  0.227278D+00
  0.230170D+00
  0.226131D+00
  0.223159D+00
  0.221546D+00
  0.221017D+00
  0.220530D+00
  0.220077D+00
  0.219643D+00
  0.219224D+00
  0.218713D+00
  0.219812D+00
  0.218607D+00
  0.217659D+00
  0.220749D+00
  0.235626D+00
  0.231276D+00
  0.227413D+00
  0.225499D+00
  0.224254D+00
  0.222034D+00
  0.219869D+00
  0.218044D+00
  0.216650D+00
  0.215561D+00
  0.214547D+00
  0.217727D+00
  0.220507D+00
  0.217947D+00
  0.218864D+00
  0.217218D+00
  0.215072D+00
  0.213311D+00
  0.228164D+00
  0.226405D+00
  0.224776D+00
  0.227388D+00
  0.226745D+00
  0.226189D+00
  0.225691D+00
  0.225230D+00
  0.224800D+00
  0.228557D+00
  0.228325D+00
  0.227741D+00
  0.224419D+00
  0.223447D+00
  0.222577D+00
  0.222028D+00
  0.220881D+00
  0.219070D+00
  0.218409D+00
  0.234112D+00
  0.238846D+00
  0.233825D+00
  0.235023D+00
  0.238791D+00
  0.239433D+00
  0.245936D+00
  0.253924D+00
  0.253978D+00
  0.251698D+00
  0.251420D+00
  0.259824D+00
  0.267478D+00
  0.272730D+00
  0.273585D+00
  0.270348D+00
  0.267818D+00
  0.265740D+00
  0.263990D+00
  0.262475D+00
  0.261134D+00
  0.259914D+00
  0.258794D+00
  0.257749D+00
  0.257100D+00
  0.256141D+00
  0.255215D+00
  0.254302D+00
  0.253404D+00
  0.252521D+00
  0.250962D+00
  0.249190D+00
  0.246942D+00
  0.244180D+00
  0.240672D+00
  0.237941D+00
  0.235665D+00
  0.233713D+00
  0.259663D+00
  0.259177D+00
  0.252163D+00
  0.246348D+00
  0.263503D+00
  0.256975D+00
  0.250237D+00
  0.244841D+00
  0.240339D+00
  0.236496D+00
  0.259083D+00
  0.251321D+00
  0.245372D+00
  0.240930D+00
  0.238458D+00
  0.236275D+00
  0.233886D+00
  0.231773D+00
  0.229980D+00
  0.228483D+00
  0.227250D+00
  0.226166D+00
  0.225135D+00
  0.224152D+00
  0.223217D+00
  0.222311D+00
  0.221401D+00
  0.220483D+00
  0.219553D+00
  0.218787D+00
  0.218080D+00
  0.245330D+00
  0.246172D+00
  0.239880D+00
  0.235851D+00
  0.241407D+00
  0.239955D+00
  0.239013D+00
  0.247223D+00
  0.249286D+00
  0.244654D+00
  0.240039D+00
  0.235324D+00
  0.231278D+00
  0.227847D+00
  0.224950D+00
  0.222522D+00
  0.220574D+00
  0.219104D+00
  0.217806D+00
  0.216785D+00
  0.215787D+00
  0.214856D+00
  0.213859D+00
  0.212666D+00
  0.211440D+00
  0.210313D+00
  0.209086D+00
  0.207508D+00
  0.205772D+00
  0.204365D+00
  0.203060D+00
  0.202001D+00
  0.201172D+00
  0.200520D+00
  0.200188D+00
  0.200066D+00
  0.200022D+00
  0.200008D+00
  0.200004D+00
  0.200002D+00
  0.200000D+00
  0.206923D+00
  0.211370D+00
  0.208821D+00
  0.206454D+00
  0.204325D+00
  0.202505D+00
  0.201117D+00
  0.200556D+00
  0.200342D+00
  0.200213D+00
  0.200088D+00
  0.200025D+00
  0.200007D+00
  0.200002D+00
  0.200000D+00
  0.200000D+00
  0.200000D+00
  0.200000D+00
  0.200000D+00
