  0.283565D+03
  0.282956D+03
  0.282518D+03
  0.280993D+03
  0.279428D+03
  0.277697D+03
  0.277013D+03
  0.277741D+03
  0.279675D+03
  0.280838D+03
  0.278820D+03
  0.277396D+03
  0.277910D+03
  0.278411D+03
  0.280330D+03
  0.282042D+03
  0.278560D+03
  0.276425D+03
  0.276341D+03
  0.274690D+03
  0.277009D+03
  0.278971D+03
  0.277555D+03
  0.276249D+03
  0.278017D+03
  0.278356D+03
  0.280279D+03
  0.278483D+03
  0.278193D+03
  0.279072D+03
  0.279252D+03
  0.279407D+03
  0.278294D+03
  0.278258D+03
  0.276806D+03
  0.275954D+03
  0.275104D+03
  0.274594D+03
  0.273068D+03
  0.273146D+03
  0.272844D+03
  0.273685D+03
  0.274139D+03
  0.275396D+03
  0.275599D+03
  0.274803D+03
  0.274601D+03
  0.275071D+03
  0.274506D+03
  0.274709D+03
  0.275761D+03
  0.276992D+03
  0.275632D+03
  0.275197D+03
  0.275401D+03
  0.276930D+03
  0.276259D+03
  0.277297D+03
  0.277400D+03
  0.275626D+03
  0.274888D+03
  0.275083D+03
  0.274523D+03
  0.274362D+03
  0.274130D+03
  0.273494D+03
  0.273113D+03
  0.272919D+03
  0.272499D+03
  0.272249D+03
  0.272751D+03
  0.273107D+03
  0.273041D+03
  0.273951D+03
  0.273116D+03
  0.273494D+03
  0.274182D+03
  0.274139D+03
  0.274345D+03
  0.274217D+03
  0.272863D+03
  0.273678D+03
  0.275453D+03
  0.277055D+03
  0.276753D+03
  0.276068D+03
  0.275718D+03
  0.277644D+03
  0.276428D+03
  0.276156D+03
  0.277407D+03
  0.276091D+03
  0.276656D+03
  0.277625D+03
  0.276846D+03
  0.276149D+03
  0.275270D+03
  0.272195D+03
  0.271485D+03
  0.272023D+03
  0.271407D+03
  0.271333D+03
  0.271440D+03
  0.271234D+03
  0.272993D+03
  0.273076D+03
  0.273362D+03
  0.273710D+03
  0.273261D+03
  0.273352D+03
  0.272843D+03
  0.273203D+03
  0.273310D+03
  0.273502D+03
  0.273643D+03
  0.273775D+03
  0.273191D+03
  0.272812D+03
  0.272699D+03
  0.273294D+03
  0.273095D+03
  0.272037D+03
  0.270093D+03
  0.269282D+03
  0.272164D+03
  0.272835D+03
  0.271812D+03
  0.271016D+03
  0.270830D+03
  0.271718D+03
  0.272539D+03
  0.271578D+03
  0.270844D+03
  0.270713D+03
  0.270752D+03
  0.270028D+03
  0.270101D+03
  0.270142D+03
  0.269795D+03
  0.269650D+03
  0.269299D+03
  0.270703D+03
  0.271678D+03
  0.272351D+03
  0.272634D+03
  0.272784D+03
  0.273035D+03
  0.273683D+03
  0.274391D+03
  0.274279D+03
  0.274675D+03
  0.275449D+03
  0.275097D+03
  0.274306D+03
  0.274738D+03
  0.275739D+03
  0.275355D+03
  0.274785D+03
  0.274627D+03
  0.275397D+03
  0.276492D+03
  0.277709D+03
  0.276631D+03
  0.275361D+03
  0.274153D+03
  0.273644D+03
  0.273257D+03
  0.273811D+03
  0.274059D+03
  0.274517D+03
  0.275036D+03
  0.275041D+03
  0.275133D+03
  0.275530D+03
  0.276315D+03
  0.276652D+03
  0.277010D+03
  0.277636D+03
  0.277949D+03
  0.278698D+03
  0.278866D+03
  0.277313D+03
  0.278115D+03
  0.275461D+03
  0.274386D+03
  0.274515D+03
  0.275040D+03
  0.274047D+03
  0.273150D+03
  0.272929D+03
  0.273121D+03
  0.273140D+03
  0.273858D+03
  0.274207D+03
  0.276044D+03
  0.277746D+03
  0.278620D+03
  0.279366D+03
  0.279263D+03
  0.278522D+03
  0.277245D+03
  0.277929D+03
  0.277157D+03
  0.278046D+03
  0.278043D+03
  0.279369D+03
  0.280893D+03
  0.279747D+03
  0.278790D+03
  0.279877D+03
  0.280170D+03
  0.278916D+03
  0.278240D+03
  0.278728D+03
  0.277594D+03
  0.279709D+03
  0.281140D+03
  0.281594D+03
  0.282253D+03
  0.282273D+03
  0.280112D+03
  0.280046D+03
  0.280825D+03
  0.280923D+03
  0.278133D+03
  0.276286D+03
  0.277100D+03
  0.279527D+03
  0.279882D+03
  0.281757D+03
  0.282565D+03
  0.278844D+03
  0.277238D+03
  0.278387D+03
  0.282717D+03
  0.285101D+03
  0.283306D+03
  0.282935D+03
  0.284363D+03
  0.285391D+03
  0.286478D+03
  0.287864D+03
  0.289311D+03
