  0.100000D+21
  0.100000D+21
  0.100000D+21
  0.100000D+21
  0.100000D+21
  0.100000D+21
  0.100000D+21
  0.100000D+21
  0.100000D+21
  0.100000D+21
  0.100000D+21
  0.100000D+21
  0.277856D+03
  0.278351D+03
  0.280258D+03
  0.281927D+03
  0.278394D+03
  0.276318D+03
  0.276145D+03
  0.274780D+03
  0.277065D+03
  0.278914D+03
  0.277378D+03
  0.276130D+03
  0.278087D+03
  0.278191D+03
  0.280134D+03
  0.278253D+03
  0.278159D+03
  0.278959D+03
  0.279148D+03
  0.279328D+03
  0.278306D+03
  0.278112D+03
  0.276628D+03
  0.275776D+03
  0.274893D+03
  0.274421D+03
  0.272967D+03
  0.273045D+03
  0.273018D+03
  0.273625D+03
  0.274144D+03
  0.275492D+03
  0.275497D+03
  0.274777D+03
  0.274499D+03
  0.274952D+03
  0.274483D+03
  0.274657D+03
  0.275891D+03
  0.276828D+03
  0.275464D+03
  0.275171D+03
  0.275426D+03
  0.276921D+03
  0.276245D+03
  0.277218D+03
  0.277395D+03
  0.275541D+03
  0.274728D+03
  0.275035D+03
  0.274432D+03
  0.274257D+03
  0.274011D+03
  0.273432D+03
  0.273068D+03
  0.272800D+03
  0.272312D+03
  0.272046D+03
  0.272565D+03
  0.272991D+03
  0.273065D+03
  0.273795D+03
  0.273136D+03
  0.273551D+03
  0.274228D+03
  0.274085D+03
  0.274175D+03
  0.274028D+03
  0.272945D+03
  0.273735D+03
  0.275590D+03
  0.277015D+03
  0.276695D+03
  0.275912D+03
  0.275663D+03
  0.277733D+03
  0.276359D+03
  0.276230D+03
  0.277379D+03
  0.276045D+03
  0.276743D+03
  0.277557D+03
  0.276789D+03
  0.275925D+03
  0.274935D+03
  0.271942D+03
  0.271128D+03
  0.271784D+03
  0.271026D+03
  0.270971D+03
  0.271079D+03
  0.270872D+03
  0.272985D+03
  0.272911D+03
  0.273237D+03
  0.273460D+03
  0.273096D+03
  0.273150D+03
  0.272908D+03
  0.273195D+03
  0.273290D+03
  0.273471D+03
  0.273581D+03
  0.273622D+03
  0.272987D+03
  0.272738D+03
  0.272844D+03
  0.273212D+03
  0.273015D+03
  0.271828D+03
  0.269753D+03
  0.269103D+03
  0.272156D+03
  0.272820D+03
  0.271672D+03
  0.270934D+03
  0.270671D+03
  0.271701D+03
  0.272470D+03
  0.271344D+03
  0.270594D+03
  0.270525D+03
  0.270616D+03
  0.269822D+03
  0.269950D+03
  0.269977D+03
  0.269663D+03
  0.269332D+03
  0.269076D+03
  0.270541D+03
  0.271534D+03
  0.272208D+03
  0.272475D+03
  0.272618D+03
  0.272935D+03
  0.273618D+03
  0.274166D+03
  0.274243D+03
  0.274536D+03
  0.275385D+03
  0.275020D+03
  0.274067D+03
  0.274702D+03
  0.275568D+03
  0.275256D+03
  0.274609D+03
  0.274487D+03
  0.275237D+03
  0.276402D+03
  0.277657D+03
  0.276499D+03
  0.275161D+03
  0.273865D+03
  0.273386D+03
  0.273066D+03
  0.273641D+03
  0.273895D+03
  0.274351D+03
  0.274873D+03
  0.274832D+03
  0.274953D+03
  0.275389D+03
  0.276160D+03
  0.276482D+03
  0.276834D+03
  0.277541D+03
  0.277855D+03
  0.278605D+03
  0.278773D+03
  0.277068D+03
  0.278073D+03
  0.275341D+03
  0.274298D+03
  0.274256D+03
  0.275036D+03
  0.273849D+03
  0.272777D+03
  0.272856D+03
  0.273108D+03
  0.272994D+03
  0.273788D+03
  0.274213D+03
  0.275904D+03
  0.277549D+03
  0.278440D+03
  0.279220D+03
  0.279001D+03
  0.278230D+03
  0.277265D+03
  0.277856D+03
  0.277151D+03
  0.277896D+03
  0.277891D+03
  0.279266D+03
  0.280783D+03
  0.279691D+03
  0.278690D+03
  0.279927D+03
  0.280181D+03
  0.278885D+03
  0.278215D+03
  0.278807D+03
  0.277536D+03
  0.279815D+03
  0.281368D+03
  0.281657D+03
  0.282392D+03
  0.282363D+03
  0.280126D+03
  0.280111D+03
  0.280895D+03
  0.100000D+21
  0.278022D+03
  0.276189D+03
  0.276937D+03
  0.279554D+03
  0.279898D+03
  0.281820D+03
  0.282497D+03
  0.278773D+03
  0.277242D+03
  0.278510D+03
  0.282716D+03
  0.284990D+03
  0.283232D+03
  0.282943D+03
  0.100000D+21
  0.100000D+21
  0.100000D+21
  0.100000D+21
  0.100000D+21
