  0.278571D+03
  0.278588D+03
  0.278277D+03
  0.276887D+03
  0.276154D+03
  0.275021D+03
  0.273091D+03
  0.275205D+03
  0.278668D+03
  0.275431D+03
  0.275076D+03
  0.275325D+03
  0.276422D+03
  0.276788D+03
  0.278362D+03
  0.278910D+03
  0.274032D+03
  0.273509D+03
  0.271759D+03
  0.276995D+03
  0.278484D+03
  0.277350D+03
  0.272938D+03
  0.273077D+03
  0.279884D+03
  0.273804D+03
  0.276309D+03
  0.272769D+03
  0.277246D+03
  0.275983D+03
  0.276398D+03
  0.277239D+03
  0.278633D+03
  0.274283D+03
  0.272492D+03
  0.271709D+03
  0.270413D+03
  0.270199D+03
  0.270550D+03
  0.270745D+03
  0.277172D+03
  0.272253D+03
  0.274179D+03
  0.277875D+03
  0.272842D+03
  0.274019D+03
  0.272088D+03
  0.272076D+03
  0.273811D+03
  0.273244D+03
  0.279095D+03
  0.272599D+03
  0.271478D+03
  0.274381D+03
  0.275963D+03
  0.276557D+03
  0.275772D+03
  0.275006D+03
  0.277132D+03
  0.273255D+03
  0.271241D+03
  0.273680D+03
  0.272282D+03
  0.271780D+03
  0.271122D+03
  0.271883D+03
  0.272002D+03
  0.269898D+03
  0.267710D+03
  0.267058D+03
  0.268138D+03
  0.270357D+03
  0.273648D+03
  0.270334D+03
  0.273625D+03
  0.274954D+03
  0.275348D+03
  0.272737D+03
  0.270275D+03
  0.269408D+03
  0.274931D+03
  0.275128D+03
  0.278998D+03
  0.275830D+03
  0.275034D+03
  0.272083D+03
  0.274121D+03
  0.279911D+03
  0.274430D+03
  0.278083D+03
  0.276505D+03
  0.274757D+03
  0.278919D+03
  0.275627D+03
  0.275200D+03
  0.270842D+03
  0.266400D+03
  0.265771D+03
  0.262473D+03
  0.266024D+03
  0.261801D+03
  0.262247D+03
  0.262313D+03
  0.262170D+03
  0.272859D+03
  0.269085D+03
  0.270531D+03
  0.267523D+03
  0.269267D+03
  0.268425D+03
  0.274480D+03
  0.273020D+03
  0.272861D+03
  0.272775D+03
  0.272161D+03
  0.270023D+03
  0.267984D+03
  0.270965D+03
  0.276340D+03
  0.271301D+03
  0.271051D+03
  0.266675D+03
  0.261310D+03
  0.264883D+03
  0.272054D+03
  0.272483D+03
  0.268139D+03
  0.268982D+03
  0.266701D+03
  0.271370D+03
  0.270719D+03
  0.265391D+03
  0.264289D+03
  0.265809D+03
  0.267268D+03
  0.264686D+03
  0.266221D+03
  0.265881D+03
  0.266462D+03
  0.261244D+03
  0.263518D+03
  0.266516D+03
  0.267935D+03
  0.268599D+03
  0.268477D+03
  0.268465D+03
  0.270416D+03
  0.271922D+03
  0.268440D+03
  0.273215D+03
  0.270928D+03
  0.273522D+03
  0.272880D+03
  0.268053D+03
  0.273660D+03
  0.271079D+03
  0.272560D+03
  0.270103D+03
  0.270876D+03
  0.271049D+03
  0.273816D+03
  0.275995D+03
  0.272839D+03
  0.270009D+03
  0.266707D+03
  0.266993D+03
  0.268332D+03
  0.269380D+03
  0.269783D+03
  0.270139D+03
  0.270696D+03
  0.269536D+03
  0.270366D+03
  0.271667D+03
  0.272027D+03
  0.271941D+03
  0.272122D+03
  0.274790D+03
  0.275106D+03
  0.275854D+03
  0.276008D+03
  0.270815D+03
  0.276680D+03
  0.272212D+03
  0.272062D+03
  0.267972D+03
  0.274774D+03
  0.269097D+03
  0.263666D+03
  0.271150D+03
  0.272804D+03
  0.269435D+03
  0.272029D+03
  0.274271D+03
  0.272208D+03
  0.272259D+03
  0.273403D+03
  0.275069D+03
  0.271995D+03
  0.270755D+03
  0.277491D+03
  0.275664D+03
  0.276758D+03
  0.273705D+03
  0.273618D+03
  0.276223D+03
  0.277454D+03
  0.277831D+03
  0.275703D+03
  0.280779D+03
  0.279947D+03
  0.277594D+03
  0.277121D+03
  0.280386D+03
  0.275628D+03
  0.282025D+03
  0.286705D+03
  0.282689D+03
  0.285481D+03
  0.284236D+03
  0.280168D+03
  0.281535D+03
  0.282463D+03
  0.281719D+03
  0.274991D+03
  0.273568D+03
  0.272903D+03
  0.280115D+03
  0.280152D+03
  0.283256D+03
  0.280462D+03
  0.276751D+03
  0.277244D+03
  0.281594D+03
  0.282426D+03
  0.282073D+03
  0.281279D+03
  0.283162D+03
  0.285012D+03
  0.284063D+03
  0.283989D+03
  0.285471D+03
  0.285495D+03
