  0.975676D+00
  0.956760D+00
  0.936464D+00
  0.987821D+00
  0.988711D+00
  0.131357D+01
  0.131330D+01
  0.128384D+01
  0.125073D+01
  0.121973D+01
  0.120770D+01
  0.123151D+01
  0.125796D+01
  0.132765D+01
  0.130627D+01
  0.127137D+01
  0.150006D+01
  0.148426D+01
  0.146399D+01
  0.144039D+01
  0.143989D+01
  0.142187D+01
  0.150773D+01
  0.148164D+01
  0.153029D+01
  0.150129D+01
  0.146254D+01
  0.144340D+01
  0.140919D+01
  0.137644D+01
  0.134764D+01
  0.131992D+01
  0.163526D+01
  0.180220D+01
  0.183439D+01
  0.179675D+01
  0.175013D+01
  0.172317D+01
  0.168087D+01
  0.182876D+01
  0.185251D+01
  0.194095D+01
  0.188594D+01
  0.183331D+01
  0.183727D+01
  0.181502D+01
  0.205637D+01
  0.200066D+01
  0.196138D+01
  0.191146D+01
  0.186219D+01
  0.182638D+01
  0.181767D+01
  0.177784D+01
  0.173911D+01
  0.175880D+01
  0.175618D+01
  0.172844D+01
  0.170449D+01
  0.171582D+01
  0.168676D+01
  0.165275D+01
  0.162963D+01
  0.159698D+01
  0.156579D+01
  0.153468D+01
  0.150302D+01
  0.147286D+01
  0.144465D+01
  0.141835D+01
  0.139370D+01
  0.136812D+01
  0.134405D+01
  0.132512D+01
  0.130655D+01
  0.128961D+01
  0.141183D+01
  0.145853D+01
  0.143647D+01
  0.141856D+01
  0.139398D+01
  0.146225D+01
  0.153921D+01
  0.154026D+01
  0.153886D+01
  0.152648D+01
  0.151099D+01
  0.149566D+01
  0.161648D+01
  0.161623D+01
  0.159875D+01
  0.166940D+01
  0.164349D+01
  0.169562D+01
  0.167115D+01
  0.169400D+01
  0.166486D+01
  0.162654D+01
  0.158987D+01
  0.155586D+01
  0.152433D+01
  0.149516D+01
  0.146823D+01
  0.144346D+01
  0.142053D+01
  0.139892D+01
  0.137555D+01
  0.135928D+01
  0.133837D+01
  0.132082D+01
  0.129990D+01
  0.128309D+01
  0.127040D+01
  0.125923D+01
  0.124969D+01
  0.124169D+01
  0.123365D+01
  0.122411D+01
  0.122296D+01
  0.126030D+01
  0.124939D+01
  0.123895D+01
  0.122936D+01
  0.122065D+01
  0.121261D+01
  0.120509D+01
  0.119818D+01
  0.119179D+01
  0.118590D+01
  0.118039D+01
  0.117530D+01
  0.117053D+01
  0.116614D+01
  0.116213D+01
  0.115851D+01
  0.115521D+01
  0.115228D+01
  0.114969D+01
  0.114742D+01
  0.114539D+01
  0.114366D+01
  0.114149D+01
  0.113540D+01
  0.112711D+01
  0.111907D+01
  0.111132D+01
  0.110223D+01
  0.109192D+01
  0.109625D+01
  0.109789D+01
  0.110939D+01
  0.112719D+01
  0.119055D+01
  0.120717D+01
  0.121177D+01
  0.122619D+01
  0.130207D+01
  0.131507D+01
  0.131708D+01
  0.131658D+01
  0.132388D+01
  0.134889D+01
  0.140967D+01
  0.142303D+01
  0.142058D+01
  0.140763D+01
  0.139058D+01
  0.136544D+01
  0.134752D+01
  0.133171D+01
  0.132017D+01
  0.131648D+01
  0.131219D+01
  0.130759D+01
  0.130937D+01
  0.131732D+01
  0.132699D+01
  0.134033D+01
  0.136877D+01
  0.138948D+01
  0.141072D+01
  0.146986D+01
  0.146740D+01
  0.154662D+01
  0.153255D+01
  0.151599D+01
  0.149686D+01
  0.148422D+01
  0.146454D+01
  0.144127D+01
  0.142110D+01
  0.140274D+01
  0.138339D+01
  0.137482D+01
  0.135698D+01
  0.135034D+01
  0.135367D+01
  0.136433D+01
  0.138214D+01
  0.138559D+01
  0.139287D+01
  0.138144D+01
  0.148762D+01
  0.150624D+01
  0.150698D+01
  0.148729D+01
  0.147676D+01
  0.159856D+01
  0.158453D+01
  0.154583D+01
  0.151785D+01
  0.157608D+01
  0.153485D+01
  0.151622D+01
  0.158814D+01
  0.151197D+01
  0.144206D+01
  0.138179D+01
  0.131797D+01
  0.127205D+01
  0.130022D+01
  0.128584D+01
  0.127672D+01
  0.128694D+01
  0.142275D+01
  0.142127D+01
  0.138594D+01
  0.133078D+01
  0.131405D+01
  0.128209D+01
  0.136005D+01
  0.144775D+01
  0.149188D+01
  0.156850D+01
  0.149315D+01
  0.140512D+01
  0.138423D+01
  0.136633D+01
  0.134950D+01
  0.132602D+01
  0.130878D+01
  0.128655D+01
  0.122971D+01
