  0.918244D+00
  0.882378D+00
  0.848402D+00
  0.183643D+01
  0.138850D+01
  0.253201D+01
  0.177670D+01
  0.146446D+01
  0.129943D+01
  0.121824D+01
  0.124577D+01
  0.181522D+01
  0.174093D+01
  0.203467D+01
  0.155820D+01
  0.135195D+01
  0.256043D+01
  0.187991D+01
  0.186958D+01
  0.216751D+01
  0.186178D+01
  0.169061D+01
  0.224374D+01
  0.191447D+01
  0.225197D+01
  0.176169D+01
  0.161177D+01
  0.163544D+01
  0.165612D+01
  0.147352D+01
  0.138637D+01
  0.132986D+01
  0.264386D+01
  0.249320D+01
  0.247815D+01
  0.266795D+01
  0.266795D+01
  0.266795D+01
  0.266795D+01
  0.266795D+01
  0.266795D+01
  0.266795D+01
  0.266765D+01
  0.233939D+01
  0.232242D+01
  0.234556D+01
  0.262267D+01
  0.254436D+01
  0.263428D+01
  0.231995D+01
  0.231176D+01
  0.200225D+01
  0.210790D+01
  0.251909D+01
  0.219534D+01
  0.231213D+01
  0.195150D+01
  0.185253D+01
  0.186990D+01
  0.190270D+01
  0.181179D+01
  0.232596D+01
  0.263067D+01
  0.266795D+01
  0.266795D+01
  0.266795D+01
  0.266795D+01
  0.266795D+01
  0.266795D+01
  0.266795D+01
  0.266795D+01
  0.266795D+01
  0.266795D+01
  0.266795D+01
  0.266795D+01
  0.246623D+01
  0.266795D+01
  0.212908D+01
  0.210323D+01
  0.266795D+01
  0.266795D+01
  0.261092D+01
  0.259154D+01
  0.200480D+01
  0.184932D+01
  0.173676D+01
  0.190676D+01
  0.180410D+01
  0.241737D+01
  0.190785D+01
  0.177928D+01
  0.199919D+01
  0.176892D+01
  0.199457D+01
  0.184812D+01
  0.200084D+01
  0.266795D+01
  0.266795D+01
  0.266329D+01
  0.265938D+01
  0.265961D+01
  0.265976D+01
  0.265736D+01
  0.265732D+01
  0.266795D+01
  0.266795D+01
  0.266795D+01
  0.266795D+01
  0.266795D+01
  0.266795D+01
  0.266795D+01
  0.259476D+01
  0.248262D+01
  0.231390D+01
  0.219653D+01
  0.247623D+01
  0.266795D+01
  0.266795D+01
  0.266795D+01
  0.266795D+01
  0.266795D+01
  0.266795D+01
  0.266795D+01
  0.266795D+01
  0.266795D+01
  0.266795D+01
  0.266795D+01
  0.266795D+01
  0.266795D+01
  0.266795D+01
  0.266795D+01
  0.266795D+01
  0.266795D+01
  0.266795D+01
  0.266795D+01
  0.266795D+01
  0.266795D+01
  0.266795D+01
  0.266795D+01
  0.266795D+01
  0.266795D+01
  0.266795D+01
  0.266795D+01
  0.266795D+01
  0.266795D+01
  0.266795D+01
  0.266795D+01
  0.266795D+01
  0.266795D+01
  0.266795D+01
  0.266795D+01
  0.262089D+01
  0.252841D+01
  0.233242D+01
  0.240218D+01
  0.235786D+01
  0.254956D+01
  0.230902D+01
  0.235305D+01
  0.239057D+01
  0.235144D+01
  0.223230D+01
  0.221427D+01
  0.205181D+01
  0.226120D+01
  0.259222D+01
  0.266795D+01
  0.266795D+01
  0.266795D+01
  0.266795D+01
  0.265577D+01
  0.263310D+01
  0.263377D+01
  0.259034D+01
  0.242663D+01
  0.224464D+01
  0.211257D+01
  0.202360D+01
  0.191202D+01
  0.185650D+01
  0.183893D+01
  0.184680D+01
  0.192605D+01
  0.196472D+01
  0.189013D+01
  0.208245D+01
  0.241177D+01
  0.230958D+01
  0.266795D+01
  0.266795D+01
  0.266795D+01
  0.266795D+01
  0.266795D+01
  0.265119D+01
  0.241319D+01
  0.215167D+01
  0.202207D+01
  0.192269D+01
  0.186168D+01
  0.188705D+01
  0.198338D+01
  0.180434D+01
  0.199980D+01
  0.181531D+01
  0.172131D+01
  0.170963D+01
  0.175636D+01
  0.246249D+01
  0.180281D+01
  0.166530D+01
  0.163431D+01
  0.228332D+01
  0.165080D+01
  0.187731D+01
  0.179281D+01
  0.145228D+01
  0.130617D+01
  0.121731D+01
  0.113213D+01
  0.108435D+01
  0.176581D+01
  0.151927D+01
  0.165277D+01
  0.154412D+01
  0.222234D+01
  0.180421D+01
  0.150106D+01
  0.145037D+01
  0.148264D+01
  0.144318D+01
  0.233293D+01
  0.225002D+01
  0.194905D+01
  0.224058D+01
  0.165642D+01
  0.142329D+01
  0.149035D+01
  0.146488D+01
  0.154552D+01
  0.138496D+01
  0.163671D+01
  0.172600D+01
  0.149754D+01
