  0.148655D+01
  0.132410D+01
  0.136241D+01
  0.955716D+00
  0.122330D+01
  0.198040D+01
  0.125212D+01
  0.136603D+01
  0.130047D+01
  0.211191D+01
  0.907365D+00
  0.172792D+01
  0.143195D+01
  0.261825D+01
  0.268752D+01
  0.189621D+01
  0.177655D+01
  0.191090D+01
  0.164037D+01
  0.675790D+00
  0.197780D+01
  0.259276D+01
  0.233415D+01
  0.110977D+01
  0.233751D+01
  0.211063D+01
  0.374596D+01
  0.219742D+01
  0.848568D+00
  0.139283D+01
  0.150093D+01
  0.168013D+01
  0.208259D+01
  0.297439D+01
  0.129208D+01
  0.676226D+00
  0.731482D+00
  0.201479D+01
  0.182272D+01
  0.251800D+01
  0.208323D+01
  0.278851D+01
  0.150085D+01
  0.164569D+01
  0.293866D+01
  0.188747D+01
  0.169339D+01
  0.151591D+01
  0.870942D+00
  0.130433D+01
  0.217705D+01
  0.261223D+01
  0.181937D+01
  0.120930D+01
  0.111229D+01
  0.145073D+01
  0.838662D+00
  0.668367D+00
  0.101427D+01
  0.137631D+01
  0.490809D+00
  0.966612D+00
  0.266151D+01
  0.128767D+01
  0.402173D+00
  0.872716D+00
  0.834039D+00
  0.101145D+01
  0.684995D+00
  0.794594D+00
  0.725442D+00
  0.580340D+00
  0.725397D+00
  0.779177D+00
  0.677046D+00
  0.140242D+01
  0.175299D+01
  0.182739D+01
  0.779528D+00
  0.920053D+00
  0.178251D+01
  0.294597D+01
  0.268623D+01
  0.145225D+01
  0.677495D+00
  0.707925D+00
  0.154738D+01
  0.646607D+01
  0.333175D+01
  0.277007D+01
  0.255437D+01
  0.180897D+01
  0.232204D+01
  0.375946D+01
  0.224333D+01
  0.234548D+01
  0.202909D+01
  0.126565D+01
  0.126669D+01
  0.555916D+00
  0.665469D+00
  0.744191D+00
  0.880850D+00
  0.891910D+00
  0.179299D+01
  0.348256D+00
  0.918672D+00
  0.169282D+01
  0.130902D+01
  0.106427D+01
  0.145056D+01
  0.169200D+01
  0.153256D+01
  0.188770D+01
  0.250315D+01
  0.150960D+01
  0.126073D+01
  0.130922D+01
  0.215656D+01
  0.343751D+01
  0.299104D+01
  0.353763D+01
  0.149207D+01
  0.729948D+00
  0.252592D+01
  0.318092D+01
  0.279955D+01
  0.371076D+01
  0.272942D+01
  0.131582D+01
  0.148917D+01
  0.973122D+00
  0.965284D+00
  0.970491D+00
  0.104118D+01
  0.964337D+00
  0.149324D+01
  0.135915D+01
  0.133390D+01
  0.972771D+00
  0.834979D+00
  0.555815D+00
  0.603968D+00
  0.597272D+00
  0.976397D+00
  0.188799D+01
  0.199328D+01
  0.347697D+01
  0.108849D+01
  0.128607D+01
  0.100606D+01
  0.154594D+01
  0.256395D+01
  0.171530D+01
  0.927440D+00
  0.112673D+01
  0.216928D+01
  0.975967D+00
  0.147264D+01
  0.144109D+01
  0.160939D+01
  0.165688D+01
  0.193742D+01
  0.181160D+01
  0.238170D+01
  0.254233D+01
  0.226470D+01
  0.108318D+01
  0.214608D+01
  0.182435D+01
  0.190030D+01
  0.176678D+01
  0.194263D+01
  0.167603D+01
  0.154752D+01
  0.188895D+01
  0.183301D+01
  0.153406D+01
  0.195944D+01
  0.178474D+01
  0.161733D+01
  0.116943D+01
  0.215510D+01
  0.222737D+01
  0.146766D+01
  0.159594D+01
  0.126972D+01
  0.126492D+01
  0.181702D+01
  0.189433D+01
  0.138893D+01
  0.272417D+01
  0.137853D+01
  0.877008D+00
  0.182105D+01
  0.155989D+01
  0.178636D+01
  0.167492D+01
  0.201579D+01
  0.228167D+01
  0.247081D+01
  0.321797D+01
  0.177316D+01
  0.151206D+01
  0.136272D+01
  0.178453D+01
  0.124412D+01
  0.199157D+01
  0.182162D+01
  0.226721D+01
  0.207864D+01
  0.426480D+01
  0.158662D+01
  0.154194D+01
  0.228373D+01
  0.171470D+01
  0.319235D+01
  0.339542D+01
  0.200359D+01
  0.189411D+01
  0.206708D+01
  0.134022D+01
  0.138776D+01
  0.122242D+01
  0.160470D+01
  0.186861D+01
  0.127538D+01
  0.198608D+01
  0.182860D+01
  0.167164D+01
  0.309201D+01
  0.209498D+01
  0.208352D+01
  0.168373D+01
  0.163000D+01
  0.231515D+01
  0.133027D+01
  0.962181D+00
  0.131134D+01
  0.114629D+01
  0.180499D+01
  0.163229D+01
  0.212350D+01
