  0.329779D+00
  0.326628D+00
  0.323643D+00
  0.410450D+00
  0.371095D+00
  0.471562D+00
  0.403512D+00
  0.377768D+00
  0.363269D+00
  0.356136D+00
  0.358555D+00
  0.408585D+00
  0.402059D+00
  0.427866D+00
  0.386005D+00
  0.367884D+00
  0.474059D+00
  0.414249D+00
  0.316205D+00
  0.419712D+00
  0.412652D+00
  0.397637D+00
  0.444196D+00
  0.405316D+00
  0.446958D+00
  0.403883D+00
  0.390711D+00
  0.336118D+00
  0.394608D+00
  0.378564D+00
  0.370908D+00
  0.365943D+00
  0.481388D+00
  0.468152D+00
  0.376166D+00
  0.277212D+00
  0.251294D+00
  0.110402D+00
  0.914985D-01
  0.201251D+00
  0.285815D+00
  0.387671D+00
  0.405195D+00
  0.430980D+00
  0.405969D+00
  0.416281D+00
  0.415721D+00
  0.401605D+00
  0.420717D+00
  0.424152D+00
  0.426843D+00
  0.413706D+00
  0.375437D+00
  0.418886D+00
  0.422227D+00
  0.450270D+00
  0.420548D+00
  0.411864D+00
  0.413390D+00
  0.410752D+00
  0.392492D+00
  0.347234D+00
  0.347113D+00
  0.268760D+00
  0.168308D+00
  0.100933D+00
  0.896304D-01
  0.505976D-01
  0.169905D-01
  0.466995D-02
  0.759937D-01
  0.170976D+00
  0.269430D+00
  0.275825D+00
  0.345048D+00
  0.401020D+00
  0.453536D+00
  0.409978D+00
  0.317465D+00
  0.150733D+00
  0.271651D+00
  0.400427D+00
  0.451456D+00
  0.420443D+00
  0.411394D+00
  0.394733D+00
  0.394238D+00
  0.405404D+00
  0.461480D+00
  0.416724D+00
  0.405429D+00
  0.424749D+00
  0.404518D+00
  0.424343D+00
  0.411476D+00
  0.365318D+00
  0.477024D-01
  0.411184D-02
  0.111016D-02
  0.118525D-02
  0.117058D-02
  0.114854D-02
  0.117440D-02
  0.118280D-02
  0.250874D-01
  0.126692D+00
  0.245244D+00
  0.125562D+00
  0.143720D+00
  0.136645D+00
  0.281310D+00
  0.354855D+00
  0.375952D+00
  0.371888D+00
  0.325763D+00
  0.258952D+00
  0.130362D+00
  0.867691D-01
  0.228473D+00
  0.272080D+00
  0.174292D+00
  0.970118D-01
  0.345541D-01
  0.100468D-01
  0.207851D-01
  0.464149D-01
  0.367016D-01
  0.250435D-01
  0.186187D-01
  0.331427D-01
  0.532360D-01
  0.682445D-01
  0.634564D-01
  0.550931D-01
  0.442213D-01
  0.349053D-01
  0.270827D-01
  0.180733D-01
  0.115510D-01
  0.114310D-01
  0.175277D-01
  0.532322D-01
  0.933138D-01
  0.136358D+00
  0.167805D+00
  0.188064D+00
  0.210577D+00
  0.245907D+00
  0.285527D+00
  0.293572D+00
  0.322557D+00
  0.358178D+00
  0.373287D+00
  0.341590D+00
  0.341161D+00
  0.361650D+00
  0.388196D+00
  0.356992D+00
  0.340558D+00
  0.356501D+00
  0.378676D+00
  0.400954D+00
  0.404460D+00
  0.359359D+00
  0.308428D+00
  0.291433D+00
  0.258550D+00
  0.279482D+00
  0.292604D+00
  0.316585D+00
  0.339353D+00
  0.339659D+00
  0.342972D+00
  0.360966D+00
  0.384798D+00
  0.386569D+00
  0.390457D+00
  0.400364D+00
  0.405438D+00
  0.407850D+00
  0.408590D+00
  0.395910D+00
  0.399781D+00
  0.389665D+00
  0.355784D+00
  0.317324D+00
  0.368269D+00
  0.331130D+00
  0.199455D+00
  0.218458D+00
  0.223667D+00
  0.238218D+00
  0.312859D+00
  0.351718D+00
  0.394494D+00
  0.403536D+00
  0.407218D+00
  0.411025D+00
  0.404187D+00
  0.386327D+00
  0.394309D+00
  0.401717D+00
  0.423971D+00
  0.408572D+00
  0.399602D+00
  0.399245D+00
  0.403414D+00
  0.465453D+00
  0.407495D+00
  0.395414D+00
  0.392691D+00
  0.449713D+00
  0.394140D+00
  0.414041D+00
  0.406617D+00
  0.376698D+00
  0.363861D+00
  0.356054D+00
  0.348570D+00
  0.344373D+00
  0.404245D+00
  0.382584D+00
  0.394313D+00
  0.384767D+00
  0.444355D+00
  0.407407D+00
  0.373021D+00
  0.376530D+00
  0.379366D+00
  0.375899D+00
  0.454071D+00
  0.446786D+00
  0.420343D+00
  0.445957D+00
  0.394633D+00
  0.374151D+00
  0.380043D+00
  0.377806D+00
  0.384890D+00
  0.370784D+00
  0.392902D+00
  0.400747D+00
  0.380675D+00
