  0.334825D+00
  0.333163D+00
  0.331380D+00
  0.335892D+00
  0.335970D+00
  0.364512D+00
  0.364477D+00
  0.361899D+00
  0.358991D+00
  0.356267D+00
  0.355211D+00
  0.357302D+00
  0.359626D+00
  0.365749D+00
  0.363870D+00
  0.360804D+00
  0.380897D+00
  0.379508D+00
  0.377120D+00
  0.375530D+00
  0.375610D+00
  0.374027D+00
  0.381557D+00
  0.379203D+00
  0.383553D+00
  0.381005D+00
  0.377600D+00
  0.375564D+00
  0.372913D+00
  0.370036D+00
  0.367505D+00
  0.365070D+00
  0.392775D+00
  0.407442D+00
  0.409703D+00
  0.405674D+00
  0.401416D+00
  0.398166D+00
  0.394243D+00
  0.407474D+00
  0.409933D+00
  0.418274D+00
  0.413562D+00
  0.409298D+00
  0.409535D+00
  0.407659D+00
  0.428727D+00
  0.423810D+00
  0.420451D+00
  0.416277D+00
  0.411998D+00
  0.408993D+00
  0.407972D+00
  0.404553D+00
  0.401379D+00
  0.403269D+00
  0.403110D+00
  0.400743D+00
  0.398719D+00
  0.399751D+00
  0.397171D+00
  0.393647D+00
  0.391448D+00
  0.388069D+00
  0.384701D+00
  0.381547D+00
  0.378679D+00
  0.375657D+00
  0.372485D+00
  0.369289D+00
  0.366467D+00
  0.364069D+00
  0.362219D+00
  0.360494D+00
  0.359270D+00
  0.358233D+00
  0.369198D+00
  0.373338D+00
  0.370846D+00
  0.367936D+00
  0.366350D+00
  0.373111D+00
  0.380214D+00
  0.380477D+00
  0.380436D+00
  0.379350D+00
  0.377934D+00
  0.376760D+00
  0.387458D+00
  0.387482D+00
  0.386017D+00
  0.392292D+00
  0.390073D+00
  0.394745D+00
  0.392690D+00
  0.394390D+00
  0.389541D+00
  0.385309D+00
  0.380220D+00
  0.375182D+00
  0.370671D+00
  0.365749D+00
  0.361062D+00
  0.356438D+00
  0.353151D+00
  0.351382D+00
  0.349481D+00
  0.347335D+00
  0.345154D+00
  0.343263D+00
  0.341745D+00
  0.340624D+00
  0.339722D+00
  0.338841D+00
  0.337801D+00
  0.336550D+00
  0.334954D+00
  0.333704D+00
  0.334228D+00
  0.337684D+00
  0.336116D+00
  0.334510D+00
  0.332552D+00
  0.330254D+00
  0.328784D+00
  0.328112D+00
  0.327269D+00
  0.326177D+00
  0.325164D+00
  0.324292D+00
  0.323782D+00
  0.323206D+00
  0.322329D+00
  0.321371D+00
  0.320429D+00
  0.319526D+00
  0.318542D+00
  0.317613D+00
  0.316680D+00
  0.315809D+00
  0.314852D+00
  0.314181D+00
  0.313471D+00
  0.312763D+00
  0.312112D+00
  0.311450D+00
  0.310713D+00
  0.310012D+00
  0.310666D+00
  0.310882D+00
  0.312106D+00
  0.313962D+00
  0.319730D+00
  0.321136D+00
  0.321526D+00
  0.323000D+00
  0.329785D+00
  0.330909D+00
  0.330994D+00
  0.331074D+00
  0.331946D+00
  0.334453D+00
  0.339942D+00
  0.340997D+00
  0.340391D+00
  0.338983D+00
  0.337226D+00
  0.335125D+00
  0.333652D+00
  0.332444D+00
  0.331625D+00
  0.331370D+00
  0.331071D+00
  0.330869D+00
  0.331353D+00
  0.332273D+00
  0.333346D+00
  0.334778D+00
  0.337551D+00
  0.339624D+00
  0.341746D+00
  0.347090D+00
  0.347074D+00
  0.354126D+00
  0.352788D+00
  0.351039D+00
  0.349559D+00
  0.348328D+00
  0.345600D+00
  0.343449D+00
  0.341639D+00
  0.340113D+00
  0.338872D+00
  0.338401D+00
  0.337307D+00
  0.337069D+00
  0.337659D+00
  0.338927D+00
  0.340776D+00
  0.341246D+00
  0.342134D+00
  0.341547D+00
  0.351173D+00
  0.353136D+00
  0.353554D+00
  0.352273D+00
  0.351997D+00
  0.363471D+00
  0.362999D+00
  0.360460D+00
  0.359190D+00
  0.365707D+00
  0.363294D+00
  0.362956D+00
  0.370585D+00
  0.365278D+00
  0.360997D+00
  0.357714D+00
  0.353853D+00
  0.351438D+00
  0.355152D+00
  0.354792D+00
  0.354864D+00
  0.356564D+00
  0.369116D+00
  0.369228D+00
  0.366268D+00
  0.361753D+00
  0.360709D+00
  0.358428D+00
  0.366006D+00
  0.374307D+00
  0.378566D+00
  0.385651D+00
  0.379664D+00
  0.372555D+00
  0.370720D+00
  0.369147D+00
  0.367668D+00
  0.365606D+00
  0.364091D+00
  0.362138D+00
  0.357144D+00
