  0.334825D+00
  0.333163D+00
  0.331380D+00
  0.335892D+00
  0.335970D+00
  0.364512D+00
  0.364479D+00
  0.361899D+00
  0.358991D+00
  0.356267D+00
  0.355211D+00
  0.357302D+00
  0.359626D+00
  0.365749D+00
  0.363870D+00
  0.360804D+00
  0.380897D+00
  0.379508D+00
  0.377127D+00
  0.375528D+00
  0.375610D+00
  0.374027D+00
  0.381560D+00
  0.379204D+00
  0.383553D+00
  0.381005D+00
  0.377600D+00
  0.375570D+00
  0.372913D+00
  0.370036D+00
  0.367505D+00
  0.365070D+00
  0.392775D+00
  0.407442D+00
  0.409709D+00
  0.405680D+00
  0.401427D+00
  0.398169D+00
  0.394245D+00
  0.407478D+00
  0.409929D+00
  0.418276D+00
  0.413562D+00
  0.409297D+00
  0.409536D+00
  0.407659D+00
  0.428731D+00
  0.423813D+00
  0.420451D+00
  0.416277D+00
  0.411997D+00
  0.408995D+00
  0.407977D+00
  0.404552D+00
  0.401378D+00
  0.403269D+00
  0.403109D+00
  0.400743D+00
  0.398719D+00
  0.399750D+00
  0.397179D+00
  0.393646D+00
  0.391451D+00
  0.388072D+00
  0.384704D+00
  0.381548D+00
  0.378680D+00
  0.375659D+00
  0.372488D+00
  0.369293D+00
  0.366471D+00
  0.364073D+00
  0.362218D+00
  0.360500D+00
  0.359269D+00
  0.358233D+00
  0.369198D+00
  0.373339D+00
  0.370852D+00
  0.367939D+00
  0.366349D+00
  0.373110D+00
  0.380213D+00
  0.380477D+00
  0.380436D+00
  0.379354D+00
  0.377933D+00
  0.376759D+00
  0.387457D+00
  0.387482D+00
  0.386017D+00
  0.392292D+00
  0.390073D+00
  0.394745D+00
  0.392689D+00
  0.394398D+00
  0.389543D+00
  0.385314D+00
  0.380228D+00
  0.375188D+00
  0.370680D+00
  0.365758D+00
  0.361070D+00
  0.356447D+00
  0.353151D+00
  0.351387D+00
  0.349487D+00
  0.347341D+00
  0.345159D+00
  0.343269D+00
  0.341744D+00
  0.340625D+00
  0.339723D+00
  0.338842D+00
  0.337803D+00
  0.336555D+00
  0.334957D+00
  0.333706D+00
  0.334225D+00
  0.337686D+00
  0.336118D+00
  0.334514D+00
  0.332557D+00
  0.330259D+00
  0.328786D+00
  0.328113D+00
  0.327270D+00
  0.326179D+00
  0.325166D+00
  0.324293D+00
  0.323783D+00
  0.323208D+00
  0.322332D+00
  0.321374D+00
  0.320431D+00
  0.319529D+00
  0.318544D+00
  0.317616D+00
  0.316682D+00
  0.315812D+00
  0.314855D+00
  0.314183D+00
  0.313473D+00
  0.312764D+00
  0.312114D+00
  0.311452D+00
  0.310714D+00
  0.310013D+00
  0.310668D+00
  0.310882D+00
  0.312107D+00
  0.313962D+00
  0.319730D+00
  0.321139D+00
  0.321526D+00
  0.323001D+00
  0.329785D+00
  0.330911D+00
  0.330996D+00
  0.331076D+00
  0.331946D+00
  0.334452D+00
  0.339942D+00
  0.340999D+00
  0.340395D+00
  0.338987D+00
  0.337228D+00
  0.335127D+00
  0.333654D+00
  0.332446D+00
  0.331627D+00
  0.331373D+00
  0.331073D+00
  0.330870D+00
  0.331354D+00
  0.332274D+00
  0.333347D+00
  0.334777D+00
  0.337550D+00
  0.339623D+00
  0.341745D+00
  0.347093D+00
  0.347073D+00
  0.354127D+00
  0.352789D+00
  0.351044D+00
  0.349558D+00
  0.348332D+00
  0.345607D+00
  0.343451D+00
  0.341639D+00
  0.340115D+00
  0.338873D+00
  0.338401D+00
  0.337308D+00
  0.337070D+00
  0.337658D+00
  0.338926D+00
  0.340777D+00
  0.341249D+00
  0.342133D+00
  0.341546D+00
  0.351172D+00
  0.353135D+00
  0.353553D+00
  0.352271D+00
  0.351994D+00
  0.363469D+00
  0.362996D+00
  0.360456D+00
  0.359186D+00
  0.365703D+00
  0.363290D+00
  0.362951D+00
  0.370581D+00
  0.365272D+00
  0.360990D+00
  0.357707D+00
  0.353847D+00
  0.351433D+00
  0.355149D+00
  0.354789D+00
  0.354861D+00
  0.356561D+00
  0.369115D+00
  0.369228D+00
  0.366270D+00
  0.361752D+00
  0.360707D+00
  0.358426D+00
  0.366004D+00
  0.374306D+00
  0.378565D+00
  0.385650D+00
  0.379662D+00
  0.372555D+00
  0.370720D+00
  0.369147D+00
  0.367668D+00
  0.365606D+00
  0.364091D+00
  0.362138D+00
  0.357144D+00
