  0.000000D+00
  0.000000D+00
  0.000000D+00
  0.000000D+00
  0.000000D+00
  0.000000D+00
  0.168898D-02
  0.428493D-09
  0.000000D+00
  0.000000D+00
  0.000000D+00
  0.000000D+00
  0.000000D+00
  0.000000D+00
  0.000000D+00
  0.000000D+00
  0.000000D+00
  0.207970D-04
  0.971563D-01
  0.198261D-01
  0.246976D-04
  0.423976D-09
  0.203826D-02
  0.119899D-01
  0.672503D-06
  0.000000D+00
  0.000000D+00
  0.566725D-01
  0.309945D-07
  0.000000D+00
  0.000000D+00
  0.000000D+00
  0.000000D+00
  0.000000D+00
  0.906635D-01
  0.206293D+00
  0.232211D+00
  0.373103D+00
  0.392006D+00
  0.282254D+00
  0.197690D+00
  0.958342D-01
  0.782834D-01
  0.236584D-01
  0.471783D-01
  0.388996D-01
  0.638059D-01
  0.710413D-01
  0.598293D-01
  0.287787D-01
  0.253680D-01
  0.113117D-01
  0.588637D-01
  0.515410D-01
  0.197558D-01
  0.197334D-02
  0.106609D-04
  0.321954D-07
  0.000000D+00
  0.551907D-02
  0.157923D-01
  0.106225D+00
  0.133117D+00
  0.214745D+00
  0.315197D+00
  0.382572D+00
  0.393875D+00
  0.432907D+00
  0.466515D+00
  0.478835D+00
  0.407511D+00
  0.312529D+00
  0.214075D+00
  0.207680D+00
  0.138457D+00
  0.647623D-01
  0.299693D-01
  0.261832D-01
  0.116425D+00
  0.332772D+00
  0.211854D+00
  0.780672D-01
  0.253356D-01
  0.479950D-02
  0.187133D-03
  0.695866D-02
  0.223899D-01
  0.220479D-02
  0.978342D-05
  0.490296D-07
  0.180756D-09
  0.000000D+00
  0.000000D+00
  0.000000D+00
  0.000000D+00
  0.595760D-01
  0.435803D+00
  0.479393D+00
  0.481986D+00
  0.481567D+00
  0.481601D+00
  0.481637D+00
  0.481401D+00
  0.481388D+00
  0.458418D+00
  0.356813D+00
  0.238261D+00
  0.357943D+00
  0.339785D+00
  0.346860D+00
  0.202195D+00
  0.122219D+00
  0.912705D-01
  0.805106D-01
  0.116324D+00
  0.207709D+00
  0.353143D+00
  0.396736D+00
  0.255032D+00
  0.211425D+00
  0.309213D+00
  0.386493D+00
  0.448951D+00
  0.473458D+00
  0.462720D+00
  0.437090D+00
  0.446803D+00
  0.458461D+00
  0.464886D+00
  0.450362D+00
  0.430269D+00
  0.415261D+00
  0.420049D+00
  0.428412D+00
  0.439284D+00
  0.448600D+00
  0.456422D+00
  0.465432D+00
  0.471954D+00
  0.472074D+00
  0.465977D+00
  0.430273D+00
  0.390191D+00
  0.347147D+00
  0.315700D+00
  0.295441D+00
  0.272928D+00
  0.237598D+00
  0.197978D+00
  0.189933D+00
  0.160948D+00
  0.121192D+00
  0.979592D-01
  0.112436D+00
  0.118995D+00
  0.946115D-01
  0.849070D-01
  0.949789D-01
  0.115280D+00
  0.102634D+00
  0.770211D-01
  0.442757D-01
  0.391857D-01
  0.700134D-01
  0.139341D+00
  0.185418D+00
  0.224955D+00
  0.204023D+00
  0.190901D+00
  0.166920D+00
  0.143082D+00
  0.140784D+00
  0.137530D+00
  0.115721D+00
  0.775047D-01
  0.597443D-01
  0.442530D-01
  0.265303D-01
  0.116526D-01
  0.436236D-02
  0.207916D-02
  0.154506D-01
  0.185419D-01
  0.320552D-01
  0.593832D-01
  0.114740D+00
  0.927287D-01
  0.120889D+00
  0.284050D+00
  0.265047D+00
  0.259838D+00
  0.245287D+00
  0.170646D+00
  0.130314D+00
  0.666291D-01
  0.346092D-01
  0.195410D-01
  0.700358D-02
  0.848105D-02
  0.285699D-01
  0.290514D-01
  0.591301D-02
  0.832027D-03
  0.213184D-04
  0.733197D-03
  0.634454D-04
  0.358974D-06
  0.724637D-09
  0.000000D+00
  0.000000D+00
  0.000000D+00
  0.000000D+00
  0.000000D+00
  0.000000D+00
  0.000000D+00
  0.000000D+00
  0.000000D+00
  0.000000D+00
  0.000000D+00
  0.000000D+00
  0.000000D+00
  0.000000D+00
  0.000000D+00
  0.000000D+00
  0.000000D+00
  0.212079D-03
  0.796387D-02
  0.702089D-07
  0.000000D+00
  0.000000D+00
  0.000000D+00
  0.000000D+00
  0.000000D+00
  0.000000D+00
  0.000000D+00
  0.000000D+00
  0.000000D+00
  0.000000D+00
  0.000000D+00
  0.000000D+00
  0.000000D+00
  0.000000D+00
  0.000000D+00
