  0.000000D+00
  0.000000D+00
  0.000000D+00
  0.000000D+00
  0.000000D+00
  0.000000D+00
  0.105561D-04
  0.000000D+00
  0.000000D+00
  0.000000D+00
  0.000000D+00
  0.000000D+00
  0.000000D+00
  0.000000D+00
  0.000000D+00
  0.000000D+00
  0.000000D+00
  0.129981D-06
  0.607227D-03
  0.123913D-03
  0.154360D-06
  0.000000D+00
  0.127391D-04
  0.749368D-04
  0.000000D+00
  0.000000D+00
  0.000000D+00
  0.354203D-03
  0.000000D+00
  0.000000D+00
  0.000000D+00
  0.000000D+00
  0.000000D+00
  0.000000D+00
  0.566647D-03
  0.128933D-02
  0.145132D-02
  0.233189D-02
  0.253900D-02
  0.230097D-02
  0.192911D-02
  0.135853D-02
  0.123714D-02
  0.877274D-03
  0.988022D-03
  0.909542D-03
  0.104583D-02
  0.106873D-02
  0.976196D-03
  0.763866D-03
  0.714398D-03
  0.573491D-03
  0.829178D-03
  0.748529D-03
  0.520452D-03
  0.359533D-03
  0.288982D-03
  0.218580D-03
  0.137496D-03
  0.102036D-03
  0.127905D-03
  0.664687D-03
  0.831985D-03
  0.134216D-02
  0.196998D-02
  0.239107D-02
  0.247792D-02
  0.285026D-02
  0.354322D-02
  0.442854D-02
  0.508530D-02
  0.523538D-02
  0.497065D-02
  0.503266D-02
  0.462501D-02
  0.417336D-02
  0.394662D-02
  0.390973D-02
  0.446356D-02
  0.579986D-02
  0.522599D-02
  0.446385D-02
  0.412169D-02
  0.395083D-02
  0.386994D-02
  0.386691D-02
  0.392279D-02
  0.375031D-02
  0.366755D-02
  0.362115D-02
  0.354967D-02
  0.348225D-02
  0.342438D-02
  0.333294D-02
  0.323858D-02
  0.354582D-02
  0.583501D-02
  0.669949D-02
  0.856664D-02
  0.106169D-01
  0.123572D-01
  0.147169D-01
  0.170379D-01
  0.194857D-01
  0.207586D-01
  0.206289D-01
  0.204759D-01
  0.211934D-01
  0.215369D-01
  0.218858D-01
  0.215652D-01
  0.212092D-01
  0.209966D-01
  0.208968D-01
  0.210982D-01
  0.216461D-01
  0.225364D-01
  0.229478D-01
  0.223228D-01
  0.221477D-01
  0.227569D-01
  0.234453D-01
  0.245609D-01
  0.260942D-01
  0.268575D-01
  0.268682D-01
  0.271053D-01
  0.276356D-01
  0.281304D-01
  0.285185D-01
  0.285816D-01
  0.287388D-01
  0.292295D-01
  0.298358D-01
  0.304595D-01
  0.310725D-01
  0.317997D-01
  0.325004D-01
  0.332342D-01
  0.339266D-01
  0.347319D-01
  0.352123D-01
  0.353867D-01
  0.353667D-01
  0.353110D-01
  0.352921D-01
  0.352308D-01
  0.350256D-01
  0.347525D-01
  0.346806D-01
  0.344676D-01
  0.341740D-01
  0.339737D-01
  0.340272D-01
  0.340410D-01
  0.338350D-01
  0.337167D-01
  0.337340D-01
  0.338257D-01
  0.337018D-01
  0.334711D-01
  0.331626D-01
  0.330130D-01
  0.331312D-01
  0.335225D-01
  0.337918D-01
  0.340525D-01
  0.339441D-01
  0.338423D-01
  0.336614D-01
  0.334660D-01
  0.333969D-01
  0.333198D-01
  0.331173D-01
  0.327896D-01
  0.325686D-01
  0.323442D-01
  0.320844D-01
  0.318102D-01
  0.315574D-01
  0.313006D-01
  0.311531D-01
  0.309525D-01
  0.308615D-01
  0.309630D-01
  0.312571D-01
  0.310563D-01
  0.311774D-01
  0.321753D-01
  0.322823D-01
  0.323201D-01
  0.322334D-01
  0.317741D-01
  0.314919D-01
  0.310188D-01
  0.306731D-01
  0.303761D-01
  0.300452D-01
  0.297596D-01
  0.295938D-01
  0.293446D-01
  0.289279D-01
  0.286300D-01
  0.283031D-01
  0.279498D-01
  0.275017D-01
  0.268529D-01
  0.260796D-01
  0.253186D-01
  0.244578D-01
  0.232689D-01
  0.218683D-01
  0.206585D-01
  0.193598D-01
  0.180499D-01
  0.166648D-01
  0.148036D-01
  0.127916D-01
  0.110458D-01
  0.942569D-02
  0.818659D-02
  0.728313D-02
  0.641029D-02
  0.560822D-02
  0.498828D-02
  0.474534D-02
  0.460259D-02
  0.427061D-02
  0.384467D-02
  0.331766D-02
  0.258857D-02
  0.199292D-02
  0.161127D-02
  0.125793D-02
  0.624655D-03
  0.000000D+00
  0.000000D+00
  0.000000D+00
  0.000000D+00
  0.000000D+00
  0.000000D+00
  0.000000D+00
  0.000000D+00
