  0.000000D+00
  0.000000D+00
  0.000000D+00
  0.000000D+00
  0.000000D+00
  0.000000D+00
  0.168898D-01
  0.000000D+00
  0.000000D+00
  0.000000D+00
  0.000000D+00
  0.000000D+00
  0.000000D+00
  0.000000D+00
  0.000000D+00
  0.000000D+00
  0.000000D+00
  0.207970D-03
  0.971563D+00
  0.198261D+00
  0.246976D-03
  0.000000D+00
  0.203826D-01
  0.119899D+00
  0.000000D+00
  0.000000D+00
  0.000000D+00
  0.566725D+00
  0.000000D+00
  0.000000D+00
  0.000000D+00
  0.000000D+00
  0.000000D+00
  0.000000D+00
  0.906635D+00
  0.206293D+01
  0.232211D+01
  0.373103D+01
  0.406240D+01
  0.368156D+01
  0.308657D+01
  0.217365D+01
  0.197943D+01
  0.140364D+01
  0.158084D+01
  0.145527D+01
  0.167334D+01
  0.170997D+01
  0.156191D+01
  0.122219D+01
  0.114304D+01
  0.917586D+00
  0.132669D+01
  0.119765D+01
  0.832722D+00
  0.575253D+00
  0.462371D+00
  0.349728D+00
  0.219993D+00
  0.163257D+00
  0.204648D+00
  0.106350D+01
  0.133118D+01
  0.214745D+01
  0.315197D+01
  0.382572D+01
  0.396467D+01
  0.456041D+01
  0.566916D+01
  0.708567D+01
  0.813648D+01
  0.837660D+01
  0.795304D+01
  0.805225D+01
  0.740002D+01
  0.667738D+01
  0.631459D+01
  0.625556D+01
  0.714170D+01
  0.927978D+01
  0.836158D+01
  0.714217D+01
  0.659471D+01
  0.632132D+01
  0.619190D+01
  0.618706D+01
  0.627646D+01
  0.600049D+01
  0.586807D+01
  0.579384D+01
  0.567947D+01
  0.557160D+01
  0.547901D+01
  0.533270D+01
  0.518173D+01
  0.567331D+01
  0.933602D+01
  0.107192D+02
  0.137066D+02
  0.169870D+02
  0.197715D+02
  0.235471D+02
  0.272606D+02
  0.311770D+02
  0.332137D+02
  0.330063D+02
  0.327615D+02
  0.339094D+02
  0.344590D+02
  0.350173D+02
  0.345044D+02
  0.339347D+02
  0.335945D+02
  0.334349D+02
  0.337572D+02
  0.346338D+02
  0.360582D+02
  0.367166D+02
  0.357164D+02
  0.354363D+02
  0.364110D+02
  0.375124D+02
  0.392974D+02
  0.417507D+02
  0.429719D+02
  0.429892D+02
  0.433685D+02
  0.442170D+02
  0.450087D+02
  0.456296D+02
  0.457305D+02
  0.459820D+02
  0.467672D+02
  0.477372D+02
  0.487352D+02
  0.497159D+02
  0.508795D+02
  0.520006D+02
  0.531747D+02
  0.542825D+02
  0.555710D+02
  0.563396D+02
  0.566187D+02
  0.565867D+02
  0.564976D+02
  0.564673D+02
  0.563693D+02
  0.560410D+02
  0.556039D+02
  0.554890D+02
  0.551481D+02
  0.546784D+02
  0.543578D+02
  0.544435D+02
  0.544657D+02
  0.541360D+02
  0.539468D+02
  0.539744D+02
  0.541211D+02
  0.539228D+02
  0.535538D+02
  0.530602D+02
  0.528208D+02
  0.530100D+02
  0.536359D+02
  0.540669D+02
  0.544840D+02
  0.543106D+02
  0.541477D+02
  0.538582D+02
  0.535457D+02
  0.534350D+02
  0.533117D+02
  0.529876D+02
  0.524634D+02
  0.521098D+02
  0.517507D+02
  0.513350D+02
  0.508964D+02
  0.504918D+02
  0.500810D+02
  0.498449D+02
  0.495239D+02
  0.493784D+02
  0.495407D+02
  0.500114D+02
  0.496900D+02
  0.498839D+02
  0.514804D+02
  0.516517D+02
  0.517122D+02
  0.515735D+02
  0.508385D+02
  0.503871D+02
  0.496301D+02
  0.490769D+02
  0.486018D+02
  0.480724D+02
  0.476153D+02
  0.473501D+02
  0.469514D+02
  0.462846D+02
  0.458080D+02
  0.452850D+02
  0.447197D+02
  0.440027D+02
  0.429647D+02
  0.417274D+02
  0.405097D+02
  0.391325D+02
  0.372303D+02
  0.349893D+02
  0.330536D+02
  0.309757D+02
  0.288798D+02
  0.266636D+02
  0.236858D+02
  0.204666D+02
  0.176733D+02
  0.150811D+02
  0.130985D+02
  0.116530D+02
  0.102565D+02
  0.897315D+01
  0.798125D+01
  0.759254D+01
  0.736414D+01
  0.683298D+01
  0.615147D+01
  0.530825D+01
  0.414171D+01
  0.318867D+01
  0.257803D+01
  0.201269D+01
  0.999448D+00
  0.000000D+00
  0.000000D+00
  0.000000D+00
  0.000000D+00
  0.000000D+00
  0.000000D+00
  0.000000D+00
  0.000000D+00
