  0.535720D+03
  0.533061D+03
  0.530208D+03
  0.537427D+03
  0.537552D+03
  0.583219D+03
  0.583181D+03
  0.579039D+03
  0.574385D+03
  0.570028D+03
  0.568337D+03
  0.571683D+03
  0.575401D+03
  0.585198D+03
  0.582192D+03
  0.577287D+03
  0.609434D+03
  0.607213D+03
  0.604363D+03
  0.601046D+03
  0.600976D+03
  0.598443D+03
  0.610512D+03
  0.606845D+03
  0.613684D+03
  0.609607D+03
  0.604160D+03
  0.601469D+03
  0.596660D+03
  0.592057D+03
  0.588007D+03
  0.584112D+03
  0.628440D+03
  0.651907D+03
  0.656432D+03
  0.651141D+03
  0.644588D+03
  0.640797D+03
  0.634851D+03
  0.655640D+03
  0.658980D+03
  0.671412D+03
  0.663679D+03
  0.656280D+03
  0.656836D+03
  0.653709D+03
  0.687637D+03
  0.679805D+03
  0.674284D+03
  0.667266D+03
  0.660340D+03
  0.655306D+03
  0.654082D+03
  0.648482D+03
  0.643039D+03
  0.645806D+03
  0.645438D+03
  0.641538D+03
  0.638171D+03
  0.639764D+03
  0.635679D+03
  0.630898D+03
  0.627648D+03
  0.623058D+03
  0.618673D+03
  0.614300D+03
  0.609851D+03
  0.605611D+03
  0.601645D+03
  0.597949D+03
  0.594483D+03
  0.590887D+03
  0.587503D+03
  0.584843D+03
  0.582231D+03
  0.579851D+03
  0.597032D+03
  0.603596D+03
  0.600496D+03
  0.597977D+03
  0.594522D+03
  0.604119D+03
  0.614937D+03
  0.615085D+03
  0.614889D+03
  0.613148D+03
  0.610971D+03
  0.608816D+03
  0.625800D+03
  0.625765D+03
  0.623307D+03
  0.633238D+03
  0.629597D+03
  0.636925D+03
  0.633485D+03
  0.636697D+03
  0.632601D+03
  0.627214D+03
  0.622059D+03
  0.617278D+03
  0.612846D+03
  0.608746D+03
  0.604960D+03
  0.601478D+03
  0.598255D+03
  0.595217D+03
  0.591931D+03
  0.589645D+03
  0.586705D+03
  0.584238D+03
  0.581296D+03
  0.578934D+03
  0.577150D+03
  0.575580D+03
  0.574239D+03
  0.573115D+03
  0.571984D+03
  0.570643D+03
  0.570481D+03
  0.575730D+03
  0.574197D+03
  0.572729D+03
  0.571381D+03
  0.570157D+03
  0.569027D+03
  0.567969D+03
  0.566998D+03
  0.566100D+03
  0.565272D+03
  0.564497D+03
  0.563782D+03
  0.563112D+03
  0.562494D+03
  0.561931D+03
  0.561421D+03
  0.560958D+03
  0.560546D+03
  0.560182D+03
  0.559862D+03
  0.559578D+03
  0.559333D+03
  0.559029D+03
  0.558173D+03
  0.557007D+03
  0.555877D+03
  0.554788D+03
  0.553511D+03
  0.552060D+03
  0.552669D+03
  0.552900D+03
  0.554517D+03
  0.557018D+03
  0.565925D+03
  0.568261D+03
  0.568908D+03
  0.570936D+03
  0.581602D+03
  0.583429D+03
  0.583712D+03
  0.583642D+03
  0.584668D+03
  0.588184D+03
  0.596728D+03
  0.598606D+03
  0.598262D+03
  0.596440D+03
  0.594045D+03
  0.590510D+03
  0.587991D+03
  0.585769D+03
  0.584146D+03
  0.583628D+03
  0.583025D+03
  0.582378D+03
  0.582628D+03
  0.583746D+03
  0.585105D+03
  0.586980D+03
  0.590978D+03
  0.593890D+03
  0.596875D+03
  0.605189D+03
  0.604843D+03
  0.615980D+03
  0.614001D+03
  0.611673D+03
  0.608985D+03
  0.607208D+03
  0.604441D+03
  0.601170D+03
  0.598335D+03
  0.595754D+03
  0.593034D+03
  0.591829D+03
  0.589321D+03
  0.588388D+03
  0.588856D+03
  0.590355D+03
  0.592858D+03
  0.593343D+03
  0.594366D+03
  0.592759D+03
  0.607685D+03
  0.610303D+03
  0.610407D+03
  0.607639D+03
  0.606159D+03
  0.623281D+03
  0.621308D+03
  0.615868D+03
  0.611934D+03
  0.620121D+03
  0.614324D+03
  0.611706D+03
  0.621816D+03
  0.611108D+03
  0.601281D+03
  0.592808D+03
  0.583837D+03
  0.577383D+03
  0.581343D+03
  0.579320D+03
  0.578038D+03
  0.579475D+03
  0.598567D+03
  0.598358D+03
  0.593392D+03
  0.585638D+03
  0.583286D+03
  0.578793D+03
  0.589752D+03
  0.602080D+03
  0.608284D+03
  0.619055D+03
  0.608463D+03
  0.596088D+03
  0.593152D+03
  0.590635D+03
  0.588269D+03
  0.584969D+03
  0.582546D+03
  0.579420D+03
  0.571430D+03
