  0.334825D+00
  0.333163D+00
  0.331380D+00
  0.335892D+00
  0.335970D+00
  0.364512D+00
  0.364488D+00
  0.361899D+00
  0.358991D+00
  0.356267D+00
  0.355211D+00
  0.357302D+00
  0.359626D+00
  0.365749D+00
  0.363870D+00
  0.360804D+00
  0.380897D+00
  0.379508D+00
  0.377727D+00
  0.375654D+00
  0.375610D+00
  0.374027D+00
  0.381570D+00
  0.379278D+00
  0.383553D+00
  0.381005D+00
  0.377600D+00
  0.375918D+00
  0.372913D+00
  0.370036D+00
  0.367505D+00
  0.365070D+00
  0.392775D+00
  0.407442D+00
  0.410270D+00
  0.406963D+00
  0.402868D+00
  0.400498D+00
  0.396782D+00
  0.409775D+00
  0.411862D+00
  0.419633D+00
  0.414799D+00
  0.410175D+00
  0.410523D+00
  0.408568D+00
  0.429773D+00
  0.424878D+00
  0.421427D+00
  0.417041D+00
  0.412713D+00
  0.409567D+00
  0.408801D+00
  0.405301D+00
  0.401899D+00
  0.403629D+00
  0.403399D+00
  0.400961D+00
  0.398857D+00
  0.399853D+00
  0.397299D+00
  0.394311D+00
  0.392280D+00
  0.389411D+00
  0.386671D+00
  0.383938D+00
  0.381157D+00
  0.378507D+00
  0.376028D+00
  0.373718D+00
  0.371552D+00
  0.369304D+00
  0.367189D+00
  0.365527D+00
  0.363895D+00
  0.362407D+00
  0.373145D+00
  0.377247D+00
  0.375310D+00
  0.373736D+00
  0.371576D+00
  0.377575D+00
  0.384336D+00
  0.384428D+00
  0.384306D+00
  0.383217D+00
  0.381857D+00
  0.380510D+00
  0.391125D+00
  0.391103D+00
  0.389567D+00
  0.395774D+00
  0.393498D+00
  0.398078D+00
  0.395928D+00
  0.397936D+00
  0.395376D+00
  0.392008D+00
  0.388787D+00
  0.385799D+00
  0.383028D+00
  0.380466D+00
  0.378100D+00
  0.375924D+00
  0.373909D+00
  0.372011D+00
  0.369957D+00
  0.368528D+00
  0.366691D+00
  0.365149D+00
  0.363310D+00
  0.361834D+00
  0.360719D+00
  0.359738D+00
  0.358899D+00
  0.358197D+00
  0.357490D+00
  0.356652D+00
  0.356550D+00
  0.359832D+00
  0.358873D+00
  0.357956D+00
  0.357113D+00
  0.356348D+00
  0.355642D+00
  0.354981D+00
  0.354374D+00
  0.353813D+00
  0.353295D+00
  0.352810D+00
  0.352364D+00
  0.351945D+00
  0.351559D+00
  0.351207D+00
  0.350888D+00
  0.350599D+00
  0.350341D+00
  0.350113D+00
  0.349914D+00
  0.349736D+00
  0.349583D+00
  0.349393D+00
  0.348858D+00
  0.348129D+00
  0.347423D+00
  0.346743D+00
  0.345944D+00
  0.345038D+00
  0.345418D+00
  0.345562D+00
  0.346573D+00
  0.348136D+00
  0.353703D+00
  0.355163D+00
  0.355567D+00
  0.356835D+00
  0.363501D+00
  0.364643D+00
  0.364820D+00
  0.364776D+00
  0.365418D+00
  0.367615D+00
  0.372955D+00
  0.374129D+00
  0.373914D+00
  0.372775D+00
  0.371278D+00
  0.369069D+00
  0.367494D+00
  0.366106D+00
  0.365091D+00
  0.364767D+00
  0.364391D+00
  0.363986D+00
  0.364143D+00
  0.364841D+00
  0.365691D+00
  0.366863D+00
  0.369361D+00
  0.371181D+00
  0.373047D+00
  0.378243D+00
  0.378027D+00
  0.384987D+00
  0.383751D+00
  0.382296D+00
  0.380615D+00
  0.379505D+00
  0.377776D+00
  0.375731D+00
  0.373959D+00
  0.372346D+00
  0.370646D+00
  0.369893D+00
  0.368326D+00
  0.367742D+00
  0.368035D+00
  0.368972D+00
  0.370536D+00
  0.370840D+00
  0.371479D+00
  0.370475D+00
  0.379803D+00
  0.381440D+00
  0.381504D+00
  0.379775D+00
  0.378850D+00
  0.389551D+00
  0.388317D+00
  0.384917D+00
  0.382459D+00
  0.387576D+00
  0.383953D+00
  0.382316D+00
  0.388635D+00
  0.381943D+00
  0.375800D+00
  0.370505D+00
  0.364898D+00
  0.360864D+00
  0.363339D+00
  0.362075D+00
  0.361274D+00
  0.362172D+00
  0.374104D+00
  0.373974D+00
  0.370870D+00
  0.366024D+00
  0.364553D+00
  0.361746D+00
  0.368595D+00
  0.376300D+00
  0.380178D+00
  0.386909D+00
  0.380289D+00
  0.372555D+00
  0.370720D+00
  0.369147D+00
  0.367668D+00
  0.365606D+00
  0.364091D+00
  0.362138D+00
  0.357144D+00
