  0.582033D-01
  0.772961D-01
  0.679396D-01
  0.480000D+00
  0.408276D+00
  0.480000D+00
  0.207225D+00
  0.127570D+00
  0.555298D-01
  0.420566D+00
  0.480000D+00
  0.480000D+00
  0.480000D+00
  0.480000D+00
  0.480000D+00
  0.987357D-01
  0.480000D+00
  0.471720D+00
  0.326019D+00
  0.469352D+00
  0.434881D+00
  0.277425D+00
  0.480000D+00
  0.138784D+00
  0.472490D+00
  0.120609D+00
  0.402615D+00
  0.123271D+00
  0.453367D-01
  0.368502D-01
  0.115024D+00
  0.121060D+00
  0.480000D+00
  0.480000D+00
  0.480000D+00
  0.480000D+00
  0.168770D+00
  0.480000D+00
  0.167066D+00
  0.480000D+00
  0.480000D+00
  0.480000D+00
  0.182679D+00
  0.549653D-01
  0.480000D+00
  0.480000D+00
  0.480000D+00
  0.230374D+00
  0.480000D+00
  0.277974D+00
  0.119465D+00
  0.729482D-01
  0.480000D+00
  0.162233D+00
  0.104074D+00
  0.480000D+00
  0.476396D+00
  0.364788D+00
  0.480000D+00
  0.474264D+00
  0.460780D+00
  0.209254D+00
  0.209207D+00
  0.132754D+00
  0.853861D-01
  0.584983D-01
  0.449753D-01
  0.330674D-01
  0.229533D-01
  0.438065D-01
  0.115130D+00
  0.136939D+00
  0.111230D+00
  0.323423D+00
  0.149724D+00
  0.475281D+00
  0.480000D+00
  0.444570D+00
  0.253565D+00
  0.241578D+00
  0.480000D+00
  0.480000D+00
  0.480000D+00
  0.371372D+00
  0.480000D+00
  0.327550D+00
  0.302088D+00
  0.166921D-01
  0.480000D+00
  0.352767D+00
  0.307991D+00
  0.480000D+00
  0.391604D+00
  0.382595D+00
  0.480000D+00
  0.303795D+00
  0.121694D+00
  0.668897D-01
  0.443309D-01
  0.412485D-01
  0.431387D-01
  0.313552D-01
  0.202772D-01
  0.246646D-01
  0.287350D-01
  0.350011D-01
  0.108612D+00
  0.863019D-01
  0.442270D-01
  0.260530D-01
  0.802050D-01
  0.361490D-01
  0.197713D-01
  0.136610D+00
  0.594958D-01
  0.446798D-01
  0.471997D-01
  0.382127D-01
  0.480000D+00
  0.208479D+00
  0.649830D-01
  0.328203D-01
  0.214631D-01
  0.214962D-01
  0.747444D-02
  0.136634D+00
  0.788178D-01
  0.428368D-01
  0.269945D-01
  0.107064D-01
  0.735291D-02
  0.208523D-01
  0.346365D-01
  0.230215D-01
  0.124846D-01
  0.166192D-01
  0.240167D-01
  0.141348D-01
  0.986257D-02
  0.159711D-01
  0.607357D-01
  0.763583D-01
  0.754897D-01
  0.665763D-01
  0.469173D-01
  0.424516D-01
  0.185274D-01
  0.175834D-02
  0.456904D-03
  0.113711D-03
  0.551244D-02
  0.397441D-02
  0.468604D+00
  0.180306D+00
  0.616845D-01
  0.261569D-01
  0.480000D+00
  0.181122D+00
  0.101377D+00
  0.252417D-01
  0.908227D-02
  0.241111D-02
  0.480000D+00
  0.112646D+00
  0.406904D-01
  0.217865D-01
  0.340781D-01
  0.941658D-02
  0.306289D-01
  0.333840D-01
  0.149782D-01
  0.334329D-01
  0.372477D-01
  0.237680D-01
  0.555659D-01
  0.586372D-01
  0.644982D-01
  0.173569D-01
  0.235168D+00
  0.107346D+00
  0.109425D+00
  0.352993D+00
  0.206485D-01
  0.179387D+00
  0.745892D-01
  0.336838D-01
  0.480000D+00
  0.179675D+00
  0.301768D-01
  0.197952D-02
  0.849174D-03
  0.742226D-01
  0.242410D-01
  0.222389D+00
  0.364556D-01
  0.383548D-01
  0.625624D-01
  0.816302D-01
  0.554342D-01
  0.144085D-01
  0.374292D-02
  0.863503D-04
  0.480000D+00
  0.307265D+00
  0.344961D+00
  0.814452D-01
  0.160200D-01
  0.480000D+00
  0.300203D-01
  0.119740D-02
  0.987065D-02
  0.456713D+00
  0.285205D-01
  0.480000D+00
  0.337390D-01
  0.640532D-03
  0.135965D-04
  0.203024D-01
  0.164882D-02
  0.883148D-04
  0.480000D+00
  0.480000D+00
  0.480000D+00
  0.994175D-01
  0.480000D+00
  0.480000D+00
  0.416990D-01
  0.852952D-03
  0.471806D+00
  0.479809D+00
  0.411250D+00
  0.459199D+00
  0.251456D+00
  0.480000D+00
  0.366365D-01
  0.533004D-03
  0.480000D+00
  0.455818D+00
  0.473569D+00
  0.243916D+00
  0.476240D+00
  0.480000D+00
  0.456558D+00
