  0.000000D+00
  0.000000D+00
  0.000000D+00
  0.000000D+00
  0.000000D+00
  0.000000D+00
  0.000000D+00
  0.000000D+00
  0.000000D+00
  0.000000D+00
  0.000000D+00
  0.000000D+00
  0.158768D-01
  0.125731D-01
  0.858683D-02
  0.479122D-02
  0.671551D+01
  0.786604D+01
  0.176646D+02
  0.167089D+02
  0.154871D+02
  0.129227D+02
  0.102978D+02
  0.845361D+01
  0.687349D+01
  0.473796D+01
  0.292912D+01
  0.178241D+01
  0.112393D+01
  0.629399D+00
  0.331633D+00
  0.169011D+00
  0.905410D-01
  0.487457D-01
  0.119156D+02
  0.205461D+02
  0.197861D+02
  0.362378D+02
  0.422349D+02
  0.568454D+02
  0.575434D+02
  0.572885D+02
  0.562433D+02
  0.544780D+02
  0.542087D+02
  0.520472D+02
  0.541317D+02
  0.521567D+02
  0.534423D+02
  0.529915D+02
  0.504786D+02
  0.461471D+02
  0.495798D+02
  0.468809D+02
  0.446458D+02
  0.410980D+02
  0.374463D+02
  0.334040D+02
  0.293466D+02
  0.316316D+02
  0.362528D+02
  0.345199D+02
  0.404096D+02
  0.483895D+02
  0.473722D+02
  0.467445D+02
  0.466178D+02
  0.465777D+02
  0.465295D+02
  0.465022D+02
  0.464540D+02
  0.463909D+02
  0.463196D+02
  0.471915D+02
  0.465008D+02
  0.462768D+02
  0.478656D+02
  0.651193D+02
  0.646328D+02
  0.631668D+02
  0.627545D+02
  0.627715D+02
  0.612646D+02
  0.567623D+02
  0.518696D+02
  0.479957D+02
  0.448015D+02
  0.410237D+02
  0.391675D+02
  0.391877D+02
  0.350048D+02
  0.335001D+02
  0.309629D+02
  0.268884D+02
  0.232348D+02
  0.361847D+02
  0.363962D+02
  0.361219D+02
  0.378192D+02
  0.377606D+02
  0.377187D+02
  0.376807D+02
  0.376278D+02
  0.375808D+02
  0.416705D+02
  0.421678D+02
  0.421103D+02
  0.416439D+02
  0.414950D+02
  0.413895D+02
  0.413433D+02
  0.412056D+02
  0.407862D+02
  0.406285D+02
  0.585621D+02
  0.796493D+02
  0.791842D+02
  0.801426D+02
  0.829573D+02
  0.865800D+02
  0.108865D+03
  0.139256D+03
  0.146350D+03
  0.146262D+03
  0.148198D+03
  0.178999D+03
  0.212428D+03
  0.240030D+03
  0.254322D+03
  0.253999D+03
  0.253815D+03
  0.253554D+03
  0.253323D+03
  0.253101D+03
  0.252904D+03
  0.252667D+03
  0.252476D+03
  0.252311D+03
  0.252288D+03
  0.252064D+03
  0.251850D+03
  0.251537D+03
  0.251186D+03
  0.250832D+03
  0.250424D+03
  0.249892D+03
  0.249143D+03
  0.247352D+03
  0.243835D+03
  0.240965D+03
  0.236957D+03
  0.231562D+03
  0.234300D+03
  0.239855D+03
  0.236569D+03
  0.230382D+03
  0.235273D+03
  0.231577D+03
  0.227695D+03
  0.222675D+03
  0.215236D+03
  0.205210D+03
  0.208244D+03
  0.201790D+03
  0.198050D+03
  0.196126D+03
  0.195211D+03
  0.193590D+03
  0.191336D+03
  0.188183D+03
  0.183914D+03
  0.179248D+03
  0.174638D+03
  0.169415D+03
  0.162913D+03
  0.155483D+03
  0.147484D+03
  0.138970D+03
  0.129747D+03
  0.119991D+03
  0.109830D+03
  0.101511D+03
  0.938040D+02
  0.114999D+03
  0.120135D+03
  0.117875D+03
  0.115258D+03
  0.117086D+03
  0.117389D+03
  0.116740D+03
  0.129719D+03
  0.138779D+03
  0.137889D+03
  0.136552D+03
  0.132082D+03
  0.124626D+03
  0.115296D+03
  0.104958D+03
  0.944733D+02
  0.851622D+02
  0.780114D+02
  0.707605D+02
  0.649424D+02
  0.584790D+02
  0.521326D+02
  0.450251D+02
  0.366423D+02
  0.288878D+02
  0.227982D+02
  0.172825D+02
  0.118032D+02
  0.747347D+01
  0.490213D+01
  0.304585D+01
  0.182021D+01
  0.997410D+00
  0.420632D+00
  0.148127D+00
  0.520205D-01
  0.171319D-01
  0.662622D-02
  0.298743D-02
  0.124248D-02
  0.000000D+00
  0.285966D+01
  0.572128D+01
  0.500646D+01
  0.388107D+01
  0.265444D+01
  0.153843D+01
  0.685624D+00
  0.351670D+00
  0.224090D+00
  0.143916D+00
  0.609237D-01
  0.180075D-01
  0.537217D-02
  0.183149D-02
  0.000000D+00
  0.000000D+00
  0.000000D+00
  0.000000D+00
  0.000000D+00
